 Entering Gaussian System, Link 0=g16
 Initial command:
 /software/gaussian/g16-c01/sse4/g16/l1.exe "/gpfs/fs2/scratch/bweight/software/many_molecule_many_mode_NAMD/src/NAMD/TEST_ETHYLENE/G16/DIMER/Gau-20700.inp" -scrdir="/gpfs/fs2/scratch/bweight/software/many_molecule_many_mode_NAMD/src/NAMD/TEST_ETHYLENE/G16/DIMER/"
 Entering Link 1 = /software/gaussian/g16-c01/sse4/g16/l1.exe PID=     20702.
  
 Copyright (c) 1988-2019, Gaussian, Inc.  All Rights Reserved.
  
 This is part of the Gaussian(R) 16 program.  It is based on
 the Gaussian(R) 09 system (copyright 2009, Gaussian, Inc.),
 the Gaussian(R) 03 system (copyright 2003, Gaussian, Inc.),
 the Gaussian(R) 98 system (copyright 1998, Gaussian, Inc.),
 the Gaussian(R) 94 system (copyright 1995, Gaussian, Inc.),
 the Gaussian 92(TM) system (copyright 1992, Gaussian, Inc.),
 the Gaussian 90(TM) system (copyright 1990, Gaussian, Inc.),
 the Gaussian 88(TM) system (copyright 1988, Gaussian, Inc.),
 the Gaussian 86(TM) system (copyright 1986, Carnegie Mellon
 University), and the Gaussian 82(TM) system (copyright 1983,
 Carnegie Mellon University). Gaussian is a federally registered
 trademark of Gaussian, Inc.
  
 This software contains proprietary and confidential information,
 including trade secrets, belonging to Gaussian, Inc.
  
 This software is provided under written license and may be
 used, copied, transmitted, or stored only in accord with that
 written license.
  
 The following legend is applicable only to US Government
 contracts under FAR:
  
                    RESTRICTED RIGHTS LEGEND
  
 Use, reproduction and disclosure by the US Government is
 subject to restrictions as set forth in subparagraphs (a)
 and (c) of the Commercial Computer Software - Restricted
 Rights clause in FAR 52.227-19.
  
 Gaussian, Inc.
 340 Quinnipiac St., Bldg. 40, Wallingford CT 06492
  
  
 ---------------------------------------------------------------
 Warning -- This program may not be used in any manner that
 competes with the business of Gaussian, Inc. or will provide
 assistance to any competitor of Gaussian, Inc.  The licensee
 of this program is prohibited from giving any competitor of
 Gaussian, Inc. access to this program.  By using this program,
 the user acknowledges that Gaussian, Inc. is engaged in the
 business of creating and licensing software in the field of
 computational chemistry and represents and warrants to the
 licensee that it is not a competitor of Gaussian, Inc. and that
 it will not use this program in any manner prohibited above.
 ---------------------------------------------------------------
  

 Cite this work as:
 Gaussian 16, Revision C.01,
 M. J. Frisch, G. W. Trucks, H. B. Schlegel, G. E. Scuseria, 
 M. A. Robb, J. R. Cheeseman, G. Scalmani, V. Barone, 
 G. A. Petersson, H. Nakatsuji, X. Li, M. Caricato, A. V. Marenich, 
 J. Bloino, B. G. Janesko, R. Gomperts, B. Mennucci, H. P. Hratchian, 
 J. V. Ortiz, A. F. Izmaylov, J. L. Sonnenberg, D. Williams-Young, 
 F. Ding, F. Lipparini, F. Egidi, J. Goings, B. Peng, A. Petrone, 
 T. Henderson, D. Ranasinghe, V. G. Zakrzewski, J. Gao, N. Rega, 
 G. Zheng, W. Liang, M. Hada, M. Ehara, K. Toyota, R. Fukuda, 
 J. Hasegawa, M. Ishida, T. Nakajima, Y. Honda, O. Kitao, H. Nakai, 
 T. Vreven, K. Throssell, J. A. Montgomery, Jr., J. E. Peralta, 
 F. Ogliaro, M. J. Bearpark, J. J. Heyd, E. N. Brothers, K. N. Kudin, 
 V. N. Staroverov, T. A. Keith, R. Kobayashi, J. Normand, 
 K. Raghavachari, A. P. Rendell, J. C. Burant, S. S. Iyengar, 
 J. Tomasi, M. Cossi, J. M. Millam, M. Klene, C. Adamo, R. Cammi, 
 J. W. Ochterski, R. L. Martin, K. Morokuma, O. Farkas, 
 J. B. Foresman, and D. J. Fox, Gaussian, Inc., Wallingford CT, 2019.
 
 ******************************************
 Gaussian 16:  ES64L-G16RevC.01  3-Jul-2019
                 1-Jan-2023 
 ******************************************
 %chk=geometry.chk
 %nprocshared=1
 Will use up to    1 processors via shared memory.
 %mem=5GB
 ----------------------------------------------------------
 # BLYP/3-21G nosymm iop(2/12=3,3/33=1) guess=only pop=full
 ----------------------------------------------------------
 1/38=1,172=1/1;
 2/12=3,15=1,17=6,18=5,40=1/2;
 3/5=5,11=2,25=1,30=1,33=1,74=402,89=1/1,2;
 4//1;
 6/7=3,28=1/1;
 99/5=2/99;
 -----------
 MD Step 158
 -----------
 Symbolic Z-matrix:
 Charge =  0 Multiplicity = 1
 C                    -0.27866  -0.62756   0.14152 
 H                    -0.2606   -1.55989  -0.59077 
 H                    -1.25401  -0.93639   0.69972 
 C                     0.38569   0.7552   -0.22364 
 H                    -0.07996   1.65475  -0.4893 
 H                     0.31799  -0.68084   1.35989 
 C                    -0.27401  -0.62586   0.14836 
 H                    -0.26688  -1.55202  -0.59872 
 H                    -1.27307  -0.93897   0.68494 
 C                     0.38475   0.75933  -0.22227 
 H                    -0.06225   1.66433  -0.51163 
 H                     0.33041  -0.70768   1.36914 
 
                          Input orientation:                          
 ---------------------------------------------------------------------
 Center     Atomic      Atomic             Coordinates (Angstroms)
 Number     Number       Type             X           Y           Z
 ---------------------------------------------------------------------
      1          6           0       -0.278660   -0.627562    0.141520
      2          1           0       -0.260604   -1.559892   -0.590768
      3          1           0       -1.254006   -0.936389    0.699721
      4          6           0        0.385689    0.755198   -0.223645
      5          1           0       -0.079963    1.654748   -0.489298
      6          1           0        0.317991   -0.680844    1.359893
      7          6           0       -0.274005   -0.625862    0.148363
      8          1           0       -0.266878   -1.552017   -0.598716
      9          1           0       -1.273069   -0.938967    0.684943
     10          6           0        0.384750    0.759331   -0.222267
     11          1           0       -0.062247    1.664335   -0.511634
     12          1           0        0.330408   -0.707679    1.369137
 ---------------------------------------------------------------------
                    Distance matrix (angstroms):
                    1          2          3          4          5
     1  C    0.000000
     2  H    1.185669   0.000000
     3  H    1.165445   1.743837   0.000000
     4  C    1.576937   2.431484   2.530350   0.000000
     5  H    2.376204   3.221310   3.083201   1.047183   0.000000
     6  H    1.357668   2.216433   1.724037   2.138782   3.005471
     7  C    0.008449   1.191179   1.166544   1.575091   2.376014
     8  H    1.184359   0.012828   1.743376   2.426883   3.214071
     9  H    1.175215   1.743007   0.024258   2.539134   3.087020
    10  C    1.579850   2.435379   2.532005   0.004457   1.043568
    11  H    2.392955   3.231292   3.106676   1.053619   0.030078
    12  H    1.372744   2.217384   1.735164   2.163335   3.033685
                    6          7          8          9         10
     6  H    0.000000
     7  C    1.349550   0.000000
     8  H    2.221973   1.189934   0.000000
     9  H    1.747471   1.176470   1.742421   0.000000
    10  C    2.140511   1.578000   2.430774   2.540789   0.000000
    11  H    3.024409   2.392788   3.224031   3.110476   1.050034
    12  H    0.030981   1.364661   2.223084   1.758622   2.165095
                   11         12
    11  H    0.000000
    12  H    3.052528   0.000000
 Symmetry turned off by external request.
 Stoichiometry    C4H8
 Framework group  C1[X(C4H8)]
 Deg. of freedom    30
 Full point group                 C1      NOp   1
 Rotational constants (GHZ):          60.8710553          10.5430876          10.1662188
 Standard basis: 3-21G (6D, 7F)
                         Coordinates in L301:                         
 ---------------------------------------------------------------------
 Center     Atomic      Atomic             Coordinates (Angstroms)
 Number     Number       Type             X           Y           Z
 ---------------------------------------------------------------------
      1          6           0       -0.278660   -0.627562    0.141520
      2          1           0       -0.260604   -1.559892   -0.590768
      3          1           0       -1.254006   -0.936389    0.699721
      4          6           0        0.385689    0.755198   -0.223645
      5          1           0       -0.079963    1.654748   -0.489298
      6          1           0        0.317991   -0.680844    1.359893
      7          6           0       -0.274005   -0.625862    0.148363
      8          1           0       -0.266878   -1.552017   -0.598716
      9          1           0       -1.273069   -0.938967    0.684943
     10          6           0        0.384750    0.759331   -0.222267
     11          1           0       -0.062247    1.664335   -0.511634
     12          1           0        0.330408   -0.707679    1.369137
 ---------------------------------------------------------------------
 FixB: optimizing general contractions.
 Ernie: Thresh=  0.10000D-02 Tol=  0.10000D-05 Strict=F.
 IA=     1 ShT= 0 ShC= 0 NL=   1 NS=   0.
 IA=     1 L=0 SC=0 ISt=    0 NBk=    0 NP=    0 IndPr=    0.
 IA=     1 ShT= 1 ShC= 0 NL=   2 NS=   1.
 IA=     1 L=1 SC=0 ISt=    0 NBk=    0 NP=    0 IndPr=    0.
 IA=     2 ShT= 0 ShC= 0 NL=   2 NS=   1.
 IA=     2 L=0 SC=0 ISt=    0 NBk=    0 NP=    0 IndPr=    0.
 IA=     3 ShT= 0 ShC= 0 NL=   2 NS=   1.
 IA=     3 L=0 SC=0 ISt=    0 NBk=    0 NP=    0 IndPr=    0.
 IA=     4 ShT= 0 ShC= 0 NL=   1 NS=   0.
 IA=     4 L=0 SC=0 ISt=    0 NBk=    0 NP=    0 IndPr=    0.
 IA=     4 ShT= 1 ShC= 0 NL=   2 NS=   1.
 IA=     4 L=1 SC=0 ISt=    0 NBk=    0 NP=    0 IndPr=    0.
 IA=     5 ShT= 0 ShC= 0 NL=   2 NS=   1.
 IA=     5 L=0 SC=0 ISt=    0 NBk=    0 NP=    0 IndPr=    0.
 IA=     6 ShT= 0 ShC= 0 NL=   2 NS=   1.
 IA=     6 L=0 SC=0 ISt=    0 NBk=    0 NP=    0 IndPr=    0.
 IA=     7 ShT= 0 ShC= 0 NL=   1 NS=   0.
 IA=     7 L=0 SC=0 ISt=    0 NBk=    0 NP=    0 IndPr=    0.
 IA=     7 ShT= 1 ShC= 0 NL=   2 NS=   1.
 IA=     7 L=1 SC=0 ISt=    0 NBk=    0 NP=    0 IndPr=    0.
 IA=     8 ShT= 0 ShC= 0 NL=   2 NS=   1.
 IA=     8 L=0 SC=0 ISt=    0 NBk=    0 NP=    0 IndPr=    0.
 IA=     9 ShT= 0 ShC= 0 NL=   2 NS=   1.
 IA=     9 L=0 SC=0 ISt=    0 NBk=    0 NP=    0 IndPr=    0.
 IA=    10 ShT= 0 ShC= 0 NL=   1 NS=   0.
 IA=    10 L=0 SC=0 ISt=    0 NBk=    0 NP=    0 IndPr=    0.
 IA=    10 ShT= 1 ShC= 0 NL=   2 NS=   1.
 IA=    10 L=1 SC=0 ISt=    0 NBk=    0 NP=    0 IndPr=    0.
 IA=    11 ShT= 0 ShC= 0 NL=   2 NS=   1.
 IA=    11 L=0 SC=0 ISt=    0 NBk=    0 NP=    0 IndPr=    0.
 IA=    12 ShT= 0 ShC= 0 NL=   2 NS=   1.
 IA=    12 L=0 SC=0 ISt=    0 NBk=    0 NP=    0 IndPr=    0.
 LdAtmC:  AtmChg=     6.000000     1.000000     1.000000     6.000000     1.000000
 LdAtmC:  AtmChg=     1.000000     6.000000     1.000000     1.000000     6.000000
 LdAtmC:  AtmChg=     1.000000     1.000000
 AtZEff=     -3.6000000     -1.0000000     -1.0000000     -3.6000000     -1.0000000
 AtZEff=     -1.0000000     -3.6000000     -1.0000000     -1.0000000     -3.6000000
 AtZEff=     -1.0000000     -1.0000000
    52 basis functions,    84 primitive gaussians,    52 cartesian basis functions
    16 alpha electrons       16 beta electrons
       nuclear repulsion energy      6744.7308604429 Hartrees.
 IS=     1 IAt=     1 ISR=     1 T=0 IP=      1 IndIP=      1 IndIPD=      0 C=  2.093132D+00  0.000000D+00                             NZ=T
 IS=     1 IAt=     1 ISR=     1 T=0 IP=      2 IndIP=      2 IndIPD=      1 C=  2.936751D+00  0.000000D+00                             NZ=T
 IS=     1 IAt=     1 ISR=     1 T=0 IP=      3 IndIP=      3 IndIPD=      2 C=  1.801737D+00  0.000000D+00                             NZ=T
 IS=     2 IAt=     1 ISR=     2 T=1 IP=      1 IndIP=      4 IndIPD=      0 C= -7.473843D-01  1.709178D+00                             NZ=T
 IS=     2 IAt=     1 ISR=     2 T=1 IP=      2 IndIP=      5 IndIPD=      1 C=  7.126610D-01  8.856221D-01                             NZ=T
 IS=     3 IAt=     1 ISR=     3 T=1 IP=      1 IndIP=      6 IndIPD=      0 C=  2.098285D-01  1.857223D-01                             NZ=T
 IS=     4 IAt=     2 ISR=     1 T=0 IP=      1 IndIP=      7 IndIPD=      0 C=  3.971513D-01  0.000000D+00                             NZ=T
 IS=     4 IAt=     2 ISR=     1 T=0 IP=      2 IndIP=      8 IndIPD=      1 C=  5.579200D-01  0.000000D+00                             NZ=T
 IS=     5 IAt=     2 ISR=     2 T=0 IP=      1 IndIP=      9 IndIPD=      0 C=  1.995672D-01  0.000000D+00                             NZ=T
 IS=     6 IAt=     3 ISR=     1 T=0 IP=      1 IndIP=     10 IndIPD=      0 C=  3.971513D-01  0.000000D+00                             NZ=T
 IS=     6 IAt=     3 ISR=     1 T=0 IP=      2 IndIP=     11 IndIPD=      1 C=  5.579200D-01  0.000000D+00                             NZ=T
 IS=     7 IAt=     3 ISR=     2 T=0 IP=      1 IndIP=     12 IndIPD=      0 C=  1.995672D-01  0.000000D+00                             NZ=T
 IS=     8 IAt=     4 ISR=     1 T=0 IP=      1 IndIP=     13 IndIPD=      0 C=  2.093132D+00  0.000000D+00                             NZ=T
 IS=     8 IAt=     4 ISR=     1 T=0 IP=      2 IndIP=     14 IndIPD=      1 C=  2.936751D+00  0.000000D+00                             NZ=T
 IS=     8 IAt=     4 ISR=     1 T=0 IP=      3 IndIP=     15 IndIPD=      2 C=  1.801737D+00  0.000000D+00                             NZ=T
 IS=     9 IAt=     4 ISR=     2 T=1 IP=      1 IndIP=     16 IndIPD=      0 C= -7.473843D-01  1.709178D+00                             NZ=T
 IS=     9 IAt=     4 ISR=     2 T=1 IP=      2 IndIP=     17 IndIPD=      1 C=  7.126610D-01  8.856221D-01                             NZ=T
 IS=    10 IAt=     4 ISR=     3 T=1 IP=      1 IndIP=     18 IndIPD=      0 C=  2.098285D-01  1.857223D-01                             NZ=T
 IS=    11 IAt=     5 ISR=     1 T=0 IP=      1 IndIP=     19 IndIPD=      0 C=  3.971513D-01  0.000000D+00                             NZ=T
 IS=    11 IAt=     5 ISR=     1 T=0 IP=      2 IndIP=     20 IndIPD=      1 C=  5.579200D-01  0.000000D+00                             NZ=T
 IS=    12 IAt=     5 ISR=     2 T=0 IP=      1 IndIP=     21 IndIPD=      0 C=  1.995672D-01  0.000000D+00                             NZ=T
 IS=    13 IAt=     6 ISR=     1 T=0 IP=      1 IndIP=     22 IndIPD=      0 C=  3.971513D-01  0.000000D+00                             NZ=T
 IS=    13 IAt=     6 ISR=     1 T=0 IP=      2 IndIP=     23 IndIPD=      1 C=  5.579200D-01  0.000000D+00                             NZ=T
 IS=    14 IAt=     6 ISR=     2 T=0 IP=      1 IndIP=     24 IndIPD=      0 C=  1.995672D-01  0.000000D+00                             NZ=T
 IS=    15 IAt=     7 ISR=     1 T=0 IP=      1 IndIP=     25 IndIPD=      0 C=  2.093132D+00  0.000000D+00                             NZ=T
 IS=    15 IAt=     7 ISR=     1 T=0 IP=      2 IndIP=     26 IndIPD=      1 C=  2.936751D+00  0.000000D+00                             NZ=T
 IS=    15 IAt=     7 ISR=     1 T=0 IP=      3 IndIP=     27 IndIPD=      2 C=  1.801737D+00  0.000000D+00                             NZ=T
 IS=    16 IAt=     7 ISR=     2 T=1 IP=      1 IndIP=     28 IndIPD=      0 C= -7.473843D-01  1.709178D+00                             NZ=T
 IS=    16 IAt=     7 ISR=     2 T=1 IP=      2 IndIP=     29 IndIPD=      1 C=  7.126610D-01  8.856221D-01                             NZ=T
 IS=    17 IAt=     7 ISR=     3 T=1 IP=      1 IndIP=     30 IndIPD=      0 C=  2.098285D-01  1.857223D-01                             NZ=T
 IS=    18 IAt=     8 ISR=     1 T=0 IP=      1 IndIP=     31 IndIPD=      0 C=  3.971513D-01  0.000000D+00                             NZ=T
 IS=    18 IAt=     8 ISR=     1 T=0 IP=      2 IndIP=     32 IndIPD=      1 C=  5.579200D-01  0.000000D+00                             NZ=T
 IS=    19 IAt=     8 ISR=     2 T=0 IP=      1 IndIP=     33 IndIPD=      0 C=  1.995672D-01  0.000000D+00                             NZ=T
 IS=    20 IAt=     9 ISR=     1 T=0 IP=      1 IndIP=     34 IndIPD=      0 C=  3.971513D-01  0.000000D+00                             NZ=T
 IS=    20 IAt=     9 ISR=     1 T=0 IP=      2 IndIP=     35 IndIPD=      1 C=  5.579200D-01  0.000000D+00                             NZ=T
 IS=    21 IAt=     9 ISR=     2 T=0 IP=      1 IndIP=     36 IndIPD=      0 C=  1.995672D-01  0.000000D+00                             NZ=T
 IS=    22 IAt=    10 ISR=     1 T=0 IP=      1 IndIP=     37 IndIPD=      0 C=  2.093132D+00  0.000000D+00                             NZ=T
 IS=    22 IAt=    10 ISR=     1 T=0 IP=      2 IndIP=     38 IndIPD=      1 C=  2.936751D+00  0.000000D+00                             NZ=T
 IS=    22 IAt=    10 ISR=     1 T=0 IP=      3 IndIP=     39 IndIPD=      2 C=  1.801737D+00  0.000000D+00                             NZ=T
 IS=    23 IAt=    10 ISR=     2 T=1 IP=      1 IndIP=     40 IndIPD=      0 C= -7.473843D-01  1.709178D+00                             NZ=T
 IS=    23 IAt=    10 ISR=     2 T=1 IP=      2 IndIP=     41 IndIPD=      1 C=  7.126610D-01  8.856221D-01                             NZ=T
 IS=    24 IAt=    10 ISR=     3 T=1 IP=      1 IndIP=     42 IndIPD=      0 C=  2.098285D-01  1.857223D-01                             NZ=T
 IS=    25 IAt=    11 ISR=     1 T=0 IP=      1 IndIP=     43 IndIPD=      0 C=  3.971513D-01  0.000000D+00                             NZ=T
 IS=    25 IAt=    11 ISR=     1 T=0 IP=      2 IndIP=     44 IndIPD=      1 C=  5.579200D-01  0.000000D+00                             NZ=T
 IS=    26 IAt=    11 ISR=     2 T=0 IP=      1 IndIP=     45 IndIPD=      0 C=  1.995672D-01  0.000000D+00                             NZ=T
 IS=    27 IAt=    12 ISR=     1 T=0 IP=      1 IndIP=     46 IndIPD=      0 C=  3.971513D-01  0.000000D+00                             NZ=T
 IS=    27 IAt=    12 ISR=     1 T=0 IP=      2 IndIP=     47 IndIPD=      1 C=  5.579200D-01  0.000000D+00                             NZ=T
 IS=    28 IAt=    12 ISR=     2 T=0 IP=      1 IndIP=     48 IndIPD=      0 C=  1.995672D-01  0.000000D+00                             NZ=T
 IExCor=  402 DFT=T Ex=B Corr=LYP ExCW=0 ScaHFX=  0.000000
 ScaDFX=  1.000000  1.000000  1.000000  1.000000 ScalE2=  1.000000  1.000000
 IRadAn=      5 IRanWt=     -1 IRanGd=            0 ICorTp=0 IEmpDi=  4
 NAtoms=   12 NActive=   12 NUniq=   12 SFac= 1.00D+00 NAtFMM=   60 NAOKFM=F Big=F
 Integral buffers will be    131072 words long.
 Raffenetti 2 integral format.
 Two-electron integral symmetry is turned off.
 NPDir=0 NMtPBC=     1 NCelOv=     1 NCel=       1 NClECP=     1 NCelD=      1
         NCelK=      1 NCelE2=     1 NClLst=     1 CellRange=     0.0.
 One-electron integrals computed using PRISM.
 Entering OneElI...
 Calculate overlap and kinetic energy integrals
    NBasis =  52  MinDer = 0  MaxDer = 0
 Requested accuracy = 0.1000D-12
 PrmmSu-InSpLW:  IPartL=    0 NPrtUS=    1 NPrtUL=    1 DoSpLW=F IThBeg=    0 IThEnd=    0 NThAct=    1.
 PrSmSu:  IncTry=   512 NBBP=            406 NTPThr=   100 NPartT=    1 Incr=           4 LDynOK=F GPUOK=F.
 PrsmSu:  NPrtUS=   1 ThrOK=F IAlg=2 LenDen=           0 ISkipM=0 DoSpLW=F IThBeg=    0 IThEnd=    0.
 Prism:   IPart=     0 DynPar=F LinDyn=F Incr=           4.
 PRISM was handed   671059735 working-precision words and   406 shell-pairs
 IPart=  0 NShTot=         406 NBatch=          15 AvBLen=        27.1
 PrSmSu:  NxtVal=              5.
 *** Overlap *** 
                1             2             3             4             5 
      1  0.100000D+01
      2  0.191447D+00  0.100000D+01
      3  0.000000D+00  0.000000D+00  0.100000D+01
      4  0.000000D+00  0.000000D+00  0.000000D+00  0.100000D+01
      5  0.000000D+00  0.000000D+00  0.000000D+00  0.000000D+00  0.100000D+01
      6  0.180314D+00  0.761357D+00  0.000000D+00  0.000000D+00  0.000000D+00
      7  0.000000D+00  0.000000D+00  0.528959D+00  0.000000D+00  0.000000D+00
      8  0.000000D+00  0.000000D+00  0.000000D+00  0.528959D+00  0.000000D+00
      9  0.000000D+00  0.000000D+00  0.000000D+00  0.000000D+00  0.528959D+00
     10  0.107567D-01  0.143899D+00  0.350801D-02 -0.181132D+00 -0.142268D+00
     11  0.703782D-01  0.358627D+00  0.346436D-02 -0.178878D+00 -0.140498D+00
     12  0.121704D-01  0.153720D+00 -0.203433D+00 -0.644138D-01  0.116427D+00
     13  0.725379D-01  0.367543D+00 -0.191936D+00 -0.607735D-01  0.109847D+00
     14  0.000000D+00  0.122675D-02  0.169670D-02  0.353147D-02 -0.932605D-03
     15  0.122675D-02  0.460685D-01  0.367927D-01  0.765793D-01 -0.202234D-01
     16 -0.169670D-02 -0.367927D-01 -0.590737D-02 -0.641417D-01  0.169388D-01
     17 -0.353147D-02 -0.765793D-01 -0.641417D-01 -0.108593D+00  0.352560D-01
     18  0.932605D-03  0.202234D-01  0.169388D-01  0.352560D-01  0.155991D-01
     19  0.333837D-01  0.196928D+00  0.724648D-01  0.150826D+00 -0.398308D-01
     20 -0.359707D-01 -0.170750D+00  0.656783D-01 -0.134763D+00  0.355887D-01
     21 -0.748685D-01 -0.355395D+00 -0.134763D+00 -0.150066D+00  0.740734D-01
     22  0.197716D-01  0.938541D-01  0.355887D-01  0.740734D-01  0.110864D+00
     23  0.000000D+00  0.357081D-03  0.862748D-04  0.990983D-03 -0.273902D-03
     24  0.475303D-02  0.397394D-01  0.398755D-02  0.458024D-01 -0.126595D-01
     25  0.345723D-02  0.781494D-01  0.606856D-01 -0.541929D-02  0.123921D+00
     26  0.532944D-01  0.286070D+00  0.906631D-01 -0.809632D-02  0.185136D+00
     27  0.998594D+00  0.191569D+00  0.993403D-02  0.362810D-02  0.146023D-01
     28  0.191569D+00  0.999885D+00  0.474564D-02  0.173320D-02  0.697576D-02
     29 -0.993403D-02 -0.474564D-02  0.999788D+00 -0.292390D-04 -0.117681D-03
     30 -0.362810D-02 -0.173320D-02 -0.292390D-04  0.999857D+00 -0.429793D-04
     31 -0.146023D-01 -0.697576D-02 -0.117681D-03 -0.429793D-04  0.999695D+00
     32  0.180305D+00  0.761328D+00  0.205930D-02  0.752095D-03  0.302702D-02
     33 -0.136158D-02 -0.459050D-02  0.528925D+00 -0.472012D-05 -0.189974D-04
     34 -0.497276D-03 -0.167654D-02 -0.472012D-05  0.528936D+00 -0.693823D-05
     35 -0.200143D-02 -0.674771D-02 -0.189974D-04 -0.693823D-05  0.528910D+00
     36  0.108438D-01  0.144522D+00  0.229970D-02 -0.180436D+00 -0.144480D+00
     37  0.705173D-01  0.359203D+00  0.226433D-02 -0.177661D+00 -0.142258D+00
     38  0.114687D-01  0.148918D+00 -0.200442D+00 -0.627697D-01  0.109538D+00
     39  0.714911D-01  0.363228D+00 -0.193316D+00 -0.605380D-01  0.105643D+00
     40  0.000000D+00  0.119953D-02  0.165668D-02  0.346337D-02 -0.908454D-03
     41  0.119953D-02  0.455073D-01  0.362858D-01  0.758574D-01 -0.198976D-01
     42 -0.165668D-02 -0.362858D-01 -0.574135D-02 -0.634105D-01  0.166328D-01
     43 -0.346337D-02 -0.758574D-01 -0.634105D-01 -0.107972D+00  0.347717D-01
     44  0.908454D-03  0.198976D-01  0.166328D-01  0.347717D-01  0.154699D-01
     45  0.331761D-01  0.195942D+00  0.719891D-01  0.150497D+00 -0.394758D-01
     46 -0.356965D-01 -0.169659D+00  0.655219D-01 -0.134277D+00  0.352214D-01
     47 -0.746254D-01 -0.354681D+00 -0.134277D+00 -0.150961D+00  0.736320D-01
     48  0.195745D-01  0.930339D-01  0.352214D-01  0.736320D-01  0.110439D+00
     49  0.000000D+00  0.318738D-03  0.838665D-04  0.888175D-03 -0.253116D-03
     50  0.451775D-02  0.381199D-01  0.416248D-02  0.440821D-01 -0.125627D-01
     51  0.310727D-02  0.737687D-01  0.583168D-01 -0.767106D-02  0.117541D+00
     52  0.519181D-01  0.280046D+00  0.905416D-01 -0.119099D-01  0.182492D+00
                6             7             8             9            10 
      6  0.100000D+01
      7  0.000000D+00  0.100000D+01
      8  0.000000D+00  0.000000D+00  0.100000D+01
      9  0.000000D+00  0.000000D+00  0.000000D+00  0.100000D+01
     10  0.299122D+00  0.736367D-02 -0.380215D+00 -0.298635D+00  0.100000D+01
     11  0.621241D+00  0.906785D-02 -0.468208D+00 -0.367749D+00  0.645898D+00
     12  0.307342D+00 -0.408705D+00 -0.129410D+00  0.233906D+00  0.936901D-02
     13  0.631307D+00 -0.497747D+00 -0.157603D+00  0.284866D+00  0.125172D+00
     14  0.333837D-01  0.359707D-01  0.748685D-01 -0.197716D-01  0.000000D+00
     15  0.196928D+00  0.170750D+00  0.355395D+00 -0.938541D-01  0.244704D-03
     16 -0.724648D-01  0.656783D-01 -0.134763D+00  0.355887D-01 -0.192233D-03
     17 -0.150826D+00 -0.134763D+00 -0.150066D+00  0.740734D-01 -0.688599D-03
     18  0.398308D-01  0.355887D-01  0.740734D-01  0.110864D+00 -0.109197D-03
     19  0.419106D+00  0.232857D+00  0.484662D+00 -0.127991D+00  0.230199D-01
     20 -0.232857D+00  0.289730D+00 -0.269280D+00  0.711125D-01 -0.202169D-01
     21 -0.484662D+00 -0.269280D+00 -0.141366D+00  0.148012D+00 -0.724192D-01
     22  0.127991D+00  0.711125D-01  0.148012D+00  0.380018D+00 -0.114841D-01
     23  0.267728D-01  0.722996D-02  0.830459D-01 -0.229534D-01  0.000000D+00
     24  0.148164D+00  0.237981D-01  0.273354D+00 -0.755534D-01  0.241848D-02
     25  0.233110D+00  0.189550D+00 -0.169270D-01  0.387064D+00  0.592024D-03
     26  0.535848D+00  0.258447D+00 -0.230796D-01  0.527753D+00  0.456691D-01
     27  0.180305D+00  0.136158D-02  0.497276D-03  0.200143D-02  0.103971D-01
     28  0.761328D+00  0.459050D-02  0.167654D-02  0.674771D-02  0.141305D+00
     29 -0.205930D-02  0.528925D+00 -0.472012D-05 -0.189974D-04  0.255323D-02
     30 -0.752095D-03 -0.472012D-05  0.528936D+00 -0.693823D-05 -0.177953D+00
     31 -0.302702D-02 -0.189974D-04 -0.693823D-05  0.528910D+00 -0.140820D+00
     32  0.999975D+00  0.389317D-02  0.142186D-02  0.572268D-02  0.296897D+00
     33 -0.389317D-02  0.999960D+00 -0.553569D-05 -0.222799D-04  0.542448D-02
     34 -0.142186D-02 -0.553569D-05  0.999973D+00 -0.813707D-05 -0.378071D+00
     35 -0.572268D-02 -0.222799D-04 -0.813707D-05  0.999942D+00 -0.299180D+00
     36  0.299652D+00  0.481352D-02 -0.377673D+00 -0.302413D+00  0.999697D+00
     37  0.621894D+00  0.592323D-02 -0.464741D+00 -0.372131D+00  0.645841D+00
     38  0.303361D+00 -0.411287D+00 -0.128797D+00  0.224760D+00  0.940921D-02
     39  0.626446D+00 -0.503567D+00 -0.157695D+00  0.275189D+00  0.125367D+00
     40  0.331761D-01  0.356965D-01  0.746254D-01 -0.195745D-01  0.000000D+00
     41  0.195942D+00  0.169659D+00  0.354681D+00 -0.930339D-01  0.238196D-03
     42 -0.719891D-01  0.655219D-01 -0.134277D+00  0.352214D-01 -0.186844D-03
     43 -0.150497D+00 -0.134277D+00 -0.150961D+00  0.736320D-01 -0.671465D-03
     44  0.394758D-01  0.352214D-01  0.736320D-01  0.110439D+00 -0.106689D-03
     45  0.417760D+00  0.231781D+00  0.484550D+00 -0.127099D+00  0.227732D-01
     46 -0.231781D+00  0.289164D+00 -0.268837D+00  0.705168D-01 -0.199710D-01
     47 -0.484550D+00 -0.268837D+00 -0.144257D+00  0.147419D+00 -0.717704D-01
     48  0.127099D+00  0.705168D-01  0.147419D+00  0.379092D+00 -0.114036D-01
     49  0.255845D-01  0.752473D-02  0.796896D-01 -0.227102D-01  0.000000D+00
     50  0.144216D+00  0.252294D-01  0.267189D+00 -0.761444D-01  0.233624D-02
     51  0.227706D+00  0.189002D+00 -0.248615D-01  0.380946D+00  0.588360D-03
     52  0.528444D+00  0.260180D+00 -0.342244D-01  0.524410D+00  0.455656D-01
               11            12            13            14            15 
     11  0.100000D+01
     12  0.125172D+00  0.100000D+01
     13  0.369841D+00  0.645898D+00  0.100000D+01
     14  0.401441D-02  0.000000D+00  0.293926D-02  0.100000D+01
     15  0.346019D-01  0.121807D-03  0.267959D-01  0.191447D+00  0.100000D+01
     16 -0.112610D-01 -0.242647D-03 -0.220124D-01  0.000000D+00  0.000000D+00
     17 -0.403382D-01 -0.250327D-03 -0.227091D-01  0.000000D+00  0.000000D+00
     18 -0.639677D-02  0.136643D-03  0.123959D-01  0.000000D+00  0.000000D+00
     19  0.135433D+00  0.174206D-01  0.114739D+00  0.180314D+00  0.761357D+00
     20 -0.707562D-01 -0.388051D-01 -0.152084D+00  0.000000D+00  0.000000D+00
     21 -0.253456D+00 -0.400332D-01 -0.156897D+00  0.000000D+00  0.000000D+00
     22 -0.401927D-01  0.218524D-01  0.856436D-01  0.000000D+00  0.000000D+00
     23  0.241848D-02  0.000000D+00  0.386091D-02  0.240216D-01  0.220714D+00
     24  0.335672D-01  0.386091D-02  0.446276D-01  0.856641D-01  0.420700D+00
     25  0.456691D-01  0.103713D-01  0.129891D+00  0.297699D-05  0.163887D-02
     26  0.200513D+00  0.129891D+00  0.378241D+00  0.939348D-02  0.694158D-01
     27  0.697949D-01  0.120897D-01  0.724198D-01  0.000000D+00  0.124428D-02
     28  0.356210D+00  0.153175D+00  0.367057D+00  0.124428D-02  0.464270D-01
     29  0.255330D-02 -0.203623D+00 -0.192589D+00  0.170892D-02  0.368239D-01
     30 -0.177958D+00 -0.645208D-01 -0.610246D-01  0.357760D-02  0.770902D-01
     31 -0.140824D+00  0.114560D+00  0.108352D+00 -0.963676D-03 -0.207653D-01
     32  0.618497D+00  0.306893D+00  0.630761D+00  0.335157D-01  0.197554D+00
     33  0.670028D-02 -0.410055D+00 -0.499689D+00  0.358599D-01  0.170090D+00
     34 -0.466990D+00 -0.129932D+00 -0.158334D+00  0.750722D-01  0.356081D+00
     35 -0.369546D+00  0.230701D+00  0.281130D+00 -0.202217D-01 -0.959155D-01
     36  0.645841D+00  0.939133D-02  0.125280D+00  0.000000D+00  0.252607D-03
     37  0.999946D+00  0.125280D+00  0.370035D+00  0.407184D-02  0.350073D-01
     38  0.125367D+00  0.998916D+00  0.645693D+00  0.000000D+00  0.114331D-03
     39  0.370191D+00  0.645693D+00  0.999808D+00  0.285725D-02  0.261810D-01
     40  0.396634D-02  0.000000D+00  0.292365D-02  0.999608D+00  0.191481D+00
     41  0.342619D-01  0.120364D-03  0.266791D-01  0.191481D+00  0.999968D+00
     42 -0.111319D-01 -0.239634D-03 -0.219021D-01  0.200401D-02  0.957041D-03
     43 -0.400051D-01 -0.247964D-03 -0.226634D-01 -0.882295D-02 -0.421352D-02
     44 -0.635640D-02  0.134822D-03  0.123224D-01 -0.294194D-02 -0.140496D-02
     45  0.134568D+00  0.173378D-01  0.114415D+00  0.180312D+00  0.761349D+00
     46 -0.702021D-01 -0.385985D-01 -0.151567D+00  0.274605D-03  0.925812D-03
     47 -0.252287D+00 -0.399402D-01 -0.156836D+00 -0.120899D-02 -0.407603D-02
     48 -0.400859D-01  0.217161D-01  0.852739D-01 -0.403129D-03 -0.135912D-02
     49  0.233624D-02  0.000000D+00  0.357096D-02  0.231918D-01  0.216642D+00
     50  0.328674D-01  0.357096D-02  0.425562D-01  0.849310D-01  0.417775D+00
     51  0.455656D-01  0.979688D-02  0.127224D+00  0.226761D-05  0.141044D-02
     52  0.200237D+00  0.127224D+00  0.373509D+00  0.878360D-02  0.657064D-01
               16            17            18            19            20 
     16  0.100000D+01
     17  0.000000D+00  0.100000D+01
     18  0.000000D+00  0.000000D+00  0.100000D+01
     19  0.000000D+00  0.000000D+00  0.000000D+00  0.100000D+01
     20  0.528959D+00  0.000000D+00  0.000000D+00  0.000000D+00  0.100000D+01
     21  0.000000D+00  0.528959D+00  0.000000D+00  0.000000D+00  0.000000D+00
     22  0.000000D+00  0.000000D+00  0.528959D+00  0.000000D+00  0.000000D+00
     23 -0.143972D+00  0.278126D+00 -0.821353D-01  0.356795D+00 -0.226577D+00
     24 -0.105356D+00  0.203528D+00 -0.601052D-01  0.689690D+00 -0.259612D+00
     25 -0.135335D-03 -0.287078D-02  0.316564D-02  0.492444D-01 -0.453394D-02
     26 -0.240268D-02 -0.509664D-01  0.562012D-01  0.212866D+00 -0.116492D-01
     27 -0.170892D-02 -0.357760D-02  0.963676D-03  0.335157D-01 -0.358599D-01
     28 -0.368239D-01 -0.770902D-01  0.207653D-01  0.197554D+00 -0.170090D+00
     29 -0.552470D-02 -0.641408D-01  0.172772D-01  0.721928D-01  0.668004D-01
     30 -0.641408D-01 -0.109164D+00  0.361696D-01  0.151135D+00 -0.134093D+00
     31  0.172772D-01  0.361696D-01  0.153708D-01 -0.407102D-01  0.361197D-01
     32 -0.721928D-01 -0.151135D+00  0.407102D-01  0.419959D+00 -0.231696D+00
     33  0.668004D-01 -0.134093D+00  0.361197D-01  0.231696D+00  0.292130D+00
     34 -0.134093D+00 -0.149868D+00  0.756161D-01  0.485052D+00 -0.267608D+00
     35  0.361197D-01  0.756161D-01  0.110485D+00 -0.130656D+00  0.720840D-01
     36 -0.200374D-03 -0.708441D-03 -0.115167D-03  0.233141D-01 -0.206744D-01
     37 -0.115063D-01 -0.406816D-01 -0.661339D-02  0.136461D+00 -0.719850D-01
     38 -0.230396D-03 -0.235314D-03  0.126200D-03  0.169854D-01 -0.382747D-01
     39 -0.217475D-01 -0.222117D-01  0.119122D-01  0.113025D+00 -0.151554D+00
     40 -0.200401D-02  0.882295D-02  0.294194D-02  0.180312D+00 -0.274605D-03
     41 -0.957041D-03  0.421352D-02  0.140496D-02  0.761349D+00 -0.925812D-03
     42  0.999960D+00  0.143378D-04  0.478083D-05  0.415319D-03  0.528952D+00
     43  0.143378D-04  0.999900D+00 -0.210483D-04 -0.182850D-02  0.231434D-05
     44  0.478083D-05 -0.210483D-04  0.999956D+00 -0.609701D-03  0.000000D+00
     45 -0.415319D-03  0.182850D-02  0.609701D-03  0.999993D+00 -0.785166D-03
     46  0.528952D+00  0.231434D-05  0.000000D+00  0.785166D-03  0.999992D+00
     47  0.231434D-05  0.528943D+00 -0.339751D-05 -0.345681D-02  0.271419D-05
     48  0.000000D+00 -0.339751D-05  0.528952D+00 -0.115265D-02  0.000000D+00
     49 -0.135688D+00  0.275394D+00 -0.872370D-01  0.354055D+00 -0.216279D+00
     50 -0.100619D+00  0.204219D+00 -0.646907D-01  0.686545D+00 -0.248596D+00
     51 -0.950631D-04 -0.251562D-02  0.273901D-02  0.463734D-01 -0.348622D-02
     52 -0.185476D-02 -0.490817D-01  0.534401D-01  0.205400D+00 -0.917877D-02
               21            22            23            24            25 
     21  0.100000D+01
     22  0.000000D+00  0.100000D+01
     23  0.437702D+00 -0.129261D+00  0.100000D+01
     24  0.501520D+00 -0.148108D+00  0.645898D+00  0.100000D+01
     25 -0.961755D-01  0.106054D+00  0.137234D-05  0.497894D-02  0.100000D+01
     26 -0.247106D+00  0.272486D+00  0.497894D-02  0.520996D-01  0.645898D+00
     27 -0.750722D-01  0.202217D-01  0.000000D+00  0.475576D-02  0.365997D-02
     28 -0.356081D+00  0.959155D-01  0.357541D-03  0.397581D-01  0.805927D-01
     29 -0.134093D+00  0.361197D-01  0.843622D-04  0.389600D-02  0.621878D-01
     30 -0.149868D+00  0.756161D-01  0.991523D-03  0.457904D-01 -0.577571D-02
     31  0.756161D-01  0.110485D+00 -0.277231D-03 -0.128030D-01  0.127268D+00
     32 -0.485052D+00  0.130656D+00  0.267866D-01  0.148209D+00  0.236048D+00
     33 -0.267608D+00  0.720840D-01  0.706421D-02  0.232477D-01  0.190445D+00
     34 -0.140274D+00  0.150907D+00  0.830268D-01  0.273234D+00 -0.176876D-01
     35  0.150907D+00  0.379311D+00 -0.232144D-01 -0.763964D-01  0.389749D+00
     36 -0.730964D-01 -0.118829D-01  0.000000D+00  0.247977D-02  0.570962D-03
     37 -0.254510D+00 -0.413743D-01  0.247977D-02  0.340826D-01  0.450685D-01
     38 -0.390917D-01  0.209650D-01  0.000000D+00  0.381234D-02  0.919473D-02
     39 -0.154789D+00  0.830138D-01  0.381234D-02  0.442849D-01  0.124318D+00
     40  0.120899D-02  0.403129D-03  0.244983D-01  0.860767D-01  0.292076D-05
     41  0.407603D-02  0.135912D-02  0.223022D+00  0.422344D+00  0.162173D-02
     42  0.231434D-05  0.000000D+00 -0.145336D+00 -0.105568D+00 -0.132058D-03
     43  0.528943D+00 -0.339751D-05  0.280036D+00  0.203411D+00 -0.284883D-02
     44 -0.339751D-05  0.528952D+00 -0.835123D-01 -0.606611D-01  0.312969D-02
     45  0.345681D-02  0.115265D-02  0.358336D+00  0.691455D+00  0.490376D-01
     46  0.271419D-05  0.000000D+00 -0.227098D+00 -0.259751D+00 -0.445227D-02
     47  0.999981D+00 -0.398452D-05  0.437576D+00  0.500493D+00 -0.960469D-01
     48 -0.398452D-05  0.999992D+00 -0.130494D+00 -0.149257D+00  0.105516D+00
     49  0.438964D+00 -0.139051D+00  0.998334D+00  0.645583D+00  0.115997D-05
     50  0.504554D+00 -0.159828D+00  0.645583D+00  0.999704D+00  0.468259D-02
     51 -0.922545D-01  0.100447D+00  0.106787D-05  0.454331D-02  0.998232D+00
     52 -0.242894D+00  0.264463D+00  0.454331D-02  0.492754D-01  0.645563D+00
               26            27            28            29            30 
     26  0.100000D+01
     27  0.540441D-01  0.100000D+01
     28  0.289339D+00  0.191447D+00  0.100000D+01
     29  0.910156D-01  0.000000D+00  0.000000D+00  0.100000D+01
     30 -0.845312D-02  0.000000D+00  0.000000D+00  0.000000D+00  0.100000D+01
     31  0.186265D+00  0.000000D+00  0.000000D+00  0.000000D+00  0.000000D+00
     32  0.539843D+00  0.180314D+00  0.761357D+00  0.000000D+00  0.000000D+00
     33  0.258342D+00  0.000000D+00  0.000000D+00  0.528959D+00  0.000000D+00
     34 -0.239936D-01  0.000000D+00  0.000000D+00  0.000000D+00  0.528959D+00
     35  0.528702D+00  0.000000D+00  0.000000D+00  0.000000D+00  0.000000D+00
     36  0.450685D-01  0.104774D-01  0.141888D+00  0.136389D-02 -0.177235D+00
     37  0.198907D+00  0.699265D-01  0.356756D+00  0.136005D-02 -0.176736D+00
     38  0.124318D+00  0.113811D-01  0.148309D+00 -0.200495D+00 -0.628349D-01
     39  0.368309D+00  0.713571D-01  0.362675D+00 -0.193916D+00 -0.607728D-01
     40  0.934942D-02  0.000000D+00  0.121675D-02  0.166869D-02  0.350883D-02
     41  0.691493D-01  0.121675D-02  0.458630D-01  0.363175D-01  0.763663D-01
     42 -0.236005D-02 -0.166869D-02 -0.363175D-01 -0.536367D-02 -0.634113D-01
     43 -0.509123D-01 -0.350883D-02 -0.763663D-01 -0.634113D-01 -0.108545D+00
     44  0.559316D-01  0.938841D-03  0.204330D-01  0.169667D-01  0.356765D-01
     45  0.212335D+00  0.333078D-01  0.196568D+00  0.717192D-01  0.150807D+00
     46 -0.114589D-01 -0.355868D-01 -0.169004D+00  0.666385D-01 -0.133611D+00
     47 -0.247198D+00 -0.748298D-01 -0.355372D+00 -0.133611D+00 -0.150769D+00
     48  0.271569D+00  0.200219D-01  0.950852D-01  0.357495D-01  0.751721D-01
     49  0.468259D-02  0.000000D+00  0.319100D-03  0.821557D-04  0.888525D-03
     50  0.501895D-01  0.452004D-02  0.381358D-01  0.407467D-02  0.440681D-01
     51  0.645563D+00  0.329075D-02  0.760925D-01  0.597808D-01 -0.809237D-02
     52  0.999686D+00  0.526535D-01  0.283269D+00  0.909155D-01 -0.123070D-01
               31            32            33            34            35 
     31  0.100000D+01
     32  0.000000D+00  0.100000D+01
     33  0.000000D+00  0.000000D+00  0.100000D+01
     34  0.000000D+00  0.000000D+00  0.000000D+00  0.100000D+01
     35  0.528959D+00  0.000000D+00  0.000000D+00  0.000000D+00  0.100000D+01
     36 -0.142965D+00  0.297400D+00  0.288975D-02 -0.375518D+00 -0.302910D+00
     37 -0.142564D+00  0.619118D+00  0.356694D-02 -0.463517D+00 -0.373894D+00
     38  0.107683D+00  0.302851D+00 -0.412517D+00 -0.129282D+00  0.221556D+00
     39  0.104149D+00  0.625821D+00 -0.505420D+00 -0.158398D+00  0.271453D+00
     40 -0.938841D-03  0.333078D-01  0.355868D-01  0.748298D-01 -0.200219D-01
     41 -0.204330D-01  0.196568D+00  0.169004D+00  0.355372D+00 -0.950852D-01
     42  0.169667D-01 -0.717192D-01  0.666385D-01 -0.133611D+00  0.357495D-01
     43  0.356765D-01 -0.150807D+00 -0.133611D+00 -0.150769D+00  0.751721D-01
     44  0.152470D-01  0.403507D-01  0.357495D-01  0.751721D-01  0.110066D+00
     45 -0.403507D-01  0.418615D+00  0.230625D+00  0.484945D+00 -0.129755D+00
     46  0.357495D-01 -0.230625D+00  0.291557D+00 -0.267169D+00  0.714850D-01
     47  0.751721D-01 -0.484945D+00 -0.267169D+00 -0.143172D+00  0.150315D+00
     48  0.110066D+00  0.129755D+00  0.714850D-01  0.150315D+00  0.378396D+00
     49 -0.256058D-03  0.255961D-01  0.736621D-02  0.796666D-01 -0.229586D-01
     50 -0.126997D-01  0.144255D+00  0.246934D-01  0.267062D+00 -0.769629D-01
     51  0.120743D+00  0.230595D+00  0.189941D+00 -0.257118D-01  0.383637D+00
     52  0.183628D+00  0.532411D+00  0.260130D+00 -0.352131D-01  0.525402D+00
               36            37            38            39            40 
     36  0.100000D+01
     37  0.645898D+00  0.100000D+01
     38  0.943768D-02  0.125505D+00  0.100000D+01
     39  0.125505D+00  0.370438D+00  0.645898D+00  0.100000D+01
     40  0.000000D+00  0.402322D-02  0.000000D+00  0.284203D-02  0.100000D+01
     41  0.245908D-03  0.346642D-01  0.112973D-03  0.260665D-01  0.191447D+00
     42 -0.194774D-03 -0.113749D-01 -0.227528D-03 -0.216383D-01  0.000000D+00
     43 -0.690871D-03 -0.403470D-01 -0.233083D-03 -0.221666D-01  0.000000D+00
     44 -0.112522D-03 -0.657132D-02  0.124510D-03  0.118411D-01  0.000000D+00
