 Entering Gaussian System, Link 0=g16
 Initial command:
 /software/gaussian/g16-c01/sse4/g16/l1.exe "/gpfs/fs2/scratch/bweight/software/many_molecule_many_mode_NAMD/src/NAMD/TEST_ETHYLENE/G16/DIMER/Gau-18258.inp" -scrdir="/gpfs/fs2/scratch/bweight/software/many_molecule_many_mode_NAMD/src/NAMD/TEST_ETHYLENE/G16/DIMER/"
 Entering Link 1 = /software/gaussian/g16-c01/sse4/g16/l1.exe PID=     18259.
  
 Copyright (c) 1988-2019, Gaussian, Inc.  All Rights Reserved.
  
 This is part of the Gaussian(R) 16 program.  It is based on
 the Gaussian(R) 09 system (copyright 2009, Gaussian, Inc.),
 the Gaussian(R) 03 system (copyright 2003, Gaussian, Inc.),
 the Gaussian(R) 98 system (copyright 1998, Gaussian, Inc.),
 the Gaussian(R) 94 system (copyright 1995, Gaussian, Inc.),
 the Gaussian 92(TM) system (copyright 1992, Gaussian, Inc.),
 the Gaussian 90(TM) system (copyright 1990, Gaussian, Inc.),
 the Gaussian 88(TM) system (copyright 1988, Gaussian, Inc.),
 the Gaussian 86(TM) system (copyright 1986, Carnegie Mellon
 University), and the Gaussian 82(TM) system (copyright 1983,
 Carnegie Mellon University). Gaussian is a federally registered
 trademark of Gaussian, Inc.
  
 This software contains proprietary and confidential information,
 including trade secrets, belonging to Gaussian, Inc.
  
 This software is provided under written license and may be
 used, copied, transmitted, or stored only in accord with that
 written license.
  
 The following legend is applicable only to US Government
 contracts under FAR:
  
                    RESTRICTED RIGHTS LEGEND
  
 Use, reproduction and disclosure by the US Government is
 subject to restrictions as set forth in subparagraphs (a)
 and (c) of the Commercial Computer Software - Restricted
 Rights clause in FAR 52.227-19.
  
 Gaussian, Inc.
 340 Quinnipiac St., Bldg. 40, Wallingford CT 06492
  
  
 ---------------------------------------------------------------
 Warning -- This program may not be used in any manner that
 competes with the business of Gaussian, Inc. or will provide
 assistance to any competitor of Gaussian, Inc.  The licensee
 of this program is prohibited from giving any competitor of
 Gaussian, Inc. access to this program.  By using this program,
 the user acknowledges that Gaussian, Inc. is engaged in the
 business of creating and licensing software in the field of
 computational chemistry and represents and warrants to the
 licensee that it is not a competitor of Gaussian, Inc. and that
 it will not use this program in any manner prohibited above.
 ---------------------------------------------------------------
  

 Cite this work as:
 Gaussian 16, Revision C.01,
 M. J. Frisch, G. W. Trucks, H. B. Schlegel, G. E. Scuseria, 
 M. A. Robb, J. R. Cheeseman, G. Scalmani, V. Barone, 
 G. A. Petersson, H. Nakatsuji, X. Li, M. Caricato, A. V. Marenich, 
 J. Bloino, B. G. Janesko, R. Gomperts, B. Mennucci, H. P. Hratchian, 
 J. V. Ortiz, A. F. Izmaylov, J. L. Sonnenberg, D. Williams-Young, 
 F. Ding, F. Lipparini, F. Egidi, J. Goings, B. Peng, A. Petrone, 
 T. Henderson, D. Ranasinghe, V. G. Zakrzewski, J. Gao, N. Rega, 
 G. Zheng, W. Liang, M. Hada, M. Ehara, K. Toyota, R. Fukuda, 
 J. Hasegawa, M. Ishida, T. Nakajima, Y. Honda, O. Kitao, H. Nakai, 
 T. Vreven, K. Throssell, J. A. Montgomery, Jr., J. E. Peralta, 
 F. Ogliaro, M. J. Bearpark, J. J. Heyd, E. N. Brothers, K. N. Kudin, 
 V. N. Staroverov, T. A. Keith, R. Kobayashi, J. Normand, 
 K. Raghavachari, A. P. Rendell, J. C. Burant, S. S. Iyengar, 
 J. Tomasi, M. Cossi, J. M. Millam, M. Klene, C. Adamo, R. Cammi, 
 J. W. Ochterski, R. L. Martin, K. Morokuma, O. Farkas, 
 J. B. Foresman, and D. J. Fox, Gaussian, Inc., Wallingford CT, 2019.
 
 ******************************************
 Gaussian 16:  ES64L-G16RevC.01  3-Jul-2019
                 5-Jan-2023 
 ******************************************
 %chk=geometry.chk
 %nprocshared=1
 Will use up to    1 processors via shared memory.
 %mem=5GB
 ---------------------------------------------------------------
 # WB97XD/6-311+G* nosymm iop(2/12=3,3/33=1) guess=only pop=full
 ---------------------------------------------------------------
 1/38=1,172=1/1;
 2/12=3,15=1,17=6,18=5,40=1/2;
 3/5=4,6=6,7=11,11=2,25=1,30=1,33=1,74=-58,89=1/1,2;
 4//1;
 6/7=3,28=1/1;
 99/5=2/99;
 ------------
 MD Step 1000
 ------------
 Symbolic Z-matrix:
 Charge =  0 Multiplicity = 1
 C                     0.97507  -0.17917   0.10912 
 H                    -8.82298  -6.35757  -1.34039 
 H                    -7.9503   -6.15608  -1.75617 
 C                     0.3296    1.08995   0.09344 
 H                     0.02181   1.80809  -0.76837 
 H                     1.19003  -0.15771   1.44891 
 C                     0.98397  -0.17552   0.11279 
 H                    -8.85549  -6.38748  -1.35079 
 H                    -7.96296  -6.1543   -1.74622 
 C                     0.32767   1.09555   0.09156 
 H                     0.05149   1.7969   -0.73502 
 H                     1.19833  -0.17553   1.46222 
 
                          Input orientation:                          
 ---------------------------------------------------------------------
 Center     Atomic      Atomic             Coordinates (Angstroms)
 Number     Number       Type             X           Y           Z
 ---------------------------------------------------------------------
      1          6           0        0.975071   -0.179174    0.109117
      2          1           0       -8.822980   -6.357566   -1.340394
      3          1           0       -7.950300   -6.156082   -1.756171
      4          6           0        0.329598    1.089948    0.093442
      5          1           0        0.021807    1.808088   -0.768373
      6          1           0        1.190026   -0.157708    1.448914
      7          6           0        0.983972   -0.175516    0.112792
      8          1           0       -8.855488   -6.387482   -1.350788
      9          1           0       -7.962963   -6.154304   -1.746219
     10          6           0        0.327669    1.095553    0.091562
     11          1           0        0.051487    1.796904   -0.735019
     12          1           0        1.198328   -0.175534    1.462216
 ---------------------------------------------------------------------
                    Distance matrix (angstroms):
                    1          2          3          4          5
     1  C    0.000000
     2  H   11.673705   0.000000
     3  H   10.902522   0.987439   0.000000
     4  C    1.423921  11.886590  11.157183   0.000000
     5  H    2.372322  12.051364  11.311863   1.163265   0.000000
     6  H    1.357101  12.102841  11.392920   2.033294   3.185193
     7  C    0.010302  11.683570  10.912444   1.424773   2.374215
     8  H   11.718118   0.045385   1.018453  11.931621  12.095989
     9  H   10.910220   0.972439   0.016204  11.163786  11.318677
    10  C    1.429813  11.888391  11.159081   0.006218   1.157906
    11  H    2.338900  12.067229  11.327901   1.124046   0.046027
    12  H    1.371398  12.103666  11.393962   2.056618   3.208502
                    6          7          8          9         10
     6  H    0.000000
     7  C    1.352035   0.000000
     8  H   12.147459  11.727983   0.000000
     9  H   11.399353  10.920142   1.003663   0.000000
    10  C    2.038805   1.430664  11.933422  11.165682   0.000000
    11  H    3.144255   2.340673  12.111877  11.334710   1.118662
    12  H    0.023741   1.366343  12.148272  11.400395   2.062135
                   11         12
    11  H    0.000000
    12  H    3.167585   0.000000
 Symmetry turned off by external request.
 Stoichiometry    C4H8
 Framework group  C1[X(C4H8)]
 Deg. of freedom    30
 Full point group                 C1      NOp   1
 Rotational constants (GHZ):          14.4906623           1.0252368           0.9731390
 Standard basis: 6-311+G(d) (5D, 7F)
                         Coordinates in L301:                         
 ---------------------------------------------------------------------
 Center     Atomic      Atomic             Coordinates (Angstroms)
 Number     Number       Type             X           Y           Z
 ---------------------------------------------------------------------
      1          6           0        0.975071   -0.179174    0.109117
      2          1           0       -8.822980   -6.357566   -1.340394
      3          1           0       -7.950300   -6.156082   -1.756171
      4          6           0        0.329598    1.089948    0.093442
      5          1           0        0.021807    1.808088   -0.768373
      6          1           0        1.190026   -0.157708    1.448914
      7          6           0        0.983972   -0.175516    0.112792
      8          1           0       -8.855488   -6.387482   -1.350788
      9          1           0       -7.962963   -6.154304   -1.746219
     10          6           0        0.327669    1.095553    0.091562
     11          1           0        0.051487    1.796904   -0.735019
     12          1           0        1.198328   -0.175534    1.462216
 ---------------------------------------------------------------------
 FixB: optimizing general contractions.
 Ernie: Thresh=  0.10000D-02 Tol=  0.10000D-05 Strict=F.
 IA=     1 ShT= 0 ShC= 0 NL=   1 NS=   0.
 IA=     1 L=0 SC=0 ISt=    0 NBk=    0 NP=    0 IndPr=    0.
 IA=     1 ShT= 1 ShC= 0 NL=   4 NS=   3.
 IA=     1 L=1 SC=0 ISt=    0 NBk=    0 NP=    0 IndPr=    0.
 IA=     1 ShT= 2 ShC= 2 NL=   1 NS=   1.
 IA=     1 L=2 SC=2 ISt=    0 NBk=    0 NP=    0 IndPr=    0.
 IA=     2 ShT= 0 ShC= 0 NL=   3 NS=   2.
 IA=     2 L=0 SC=0 ISt=    0 NBk=    0 NP=    0 IndPr=    0.
 IA=     3 ShT= 0 ShC= 0 NL=   3 NS=   2.
 IA=     3 L=0 SC=0 ISt=    0 NBk=    0 NP=    0 IndPr=    0.
 IA=     4 ShT= 0 ShC= 0 NL=   1 NS=   0.
 IA=     4 L=0 SC=0 ISt=    0 NBk=    0 NP=    0 IndPr=    0.
 IA=     4 ShT= 1 ShC= 0 NL=   4 NS=   3.
 IA=     4 L=1 SC=0 ISt=    0 NBk=    0 NP=    0 IndPr=    0.
 IA=     4 ShT= 2 ShC= 2 NL=   1 NS=   1.
 IA=     4 L=2 SC=2 ISt=    0 NBk=    0 NP=    0 IndPr=    0.
 IA=     5 ShT= 0 ShC= 0 NL=   3 NS=   2.
 IA=     5 L=0 SC=0 ISt=    0 NBk=    0 NP=    0 IndPr=    0.
 IA=     6 ShT= 0 ShC= 0 NL=   3 NS=   2.
 IA=     6 L=0 SC=0 ISt=    0 NBk=    0 NP=    0 IndPr=    0.
 IA=     7 ShT= 0 ShC= 0 NL=   1 NS=   0.
 IA=     7 L=0 SC=0 ISt=    0 NBk=    0 NP=    0 IndPr=    0.
 IA=     7 ShT= 1 ShC= 0 NL=   4 NS=   3.
 IA=     7 L=1 SC=0 ISt=    0 NBk=    0 NP=    0 IndPr=    0.
 IA=     7 ShT= 2 ShC= 2 NL=   1 NS=   1.
 IA=     7 L=2 SC=2 ISt=    0 NBk=    0 NP=    0 IndPr=    0.
 IA=     8 ShT= 0 ShC= 0 NL=   3 NS=   2.
 IA=     8 L=0 SC=0 ISt=    0 NBk=    0 NP=    0 IndPr=    0.
 IA=     9 ShT= 0 ShC= 0 NL=   3 NS=   2.
 IA=     9 L=0 SC=0 ISt=    0 NBk=    0 NP=    0 IndPr=    0.
 IA=    10 ShT= 0 ShC= 0 NL=   1 NS=   0.
 IA=    10 L=0 SC=0 ISt=    0 NBk=    0 NP=    0 IndPr=    0.
 IA=    10 ShT= 1 ShC= 0 NL=   4 NS=   3.
 IA=    10 L=1 SC=0 ISt=    0 NBk=    0 NP=    0 IndPr=    0.
 IA=    10 ShT= 2 ShC= 2 NL=   1 NS=   1.
 IA=    10 L=2 SC=2 ISt=    0 NBk=    0 NP=    0 IndPr=    0.
 IA=    11 ShT= 0 ShC= 0 NL=   3 NS=   2.
 IA=    11 L=0 SC=0 ISt=    0 NBk=    0 NP=    0 IndPr=    0.
 IA=    12 ShT= 0 ShC= 0 NL=   3 NS=   2.
 IA=    12 L=0 SC=0 ISt=    0 NBk=    0 NP=    0 IndPr=    0.
 LdAtmC:  AtmChg=     6.000000     1.000000     1.000000     6.000000     1.000000
 LdAtmC:  AtmChg=     1.000000     6.000000     1.000000     1.000000     6.000000
 LdAtmC:  AtmChg=     1.000000     1.000000
 AtZEff=     -3.6000000     -1.0000000     -1.0000000     -3.6000000     -1.0000000
 AtZEff=     -1.0000000     -3.6000000     -1.0000000     -1.0000000     -3.6000000
 AtZEff=     -1.0000000     -1.0000000
   112 basis functions,   184 primitive gaussians,   116 cartesian basis functions
    16 alpha electrons       16 beta electrons
       nuclear repulsion energy      5084.3713682118 Hartrees.
 IS=     1 IAt=     1 ISR=     1 T=0 IP=      1 IndIP=      1 IndIPD=      0 C=  7.782018D-01  0.000000D+00                             NZ=T
 IS=     1 IAt=     1 ISR=     1 T=0 IP=      2 IndIP=      2 IndIPD=      1 C=  1.448695D+00  0.000000D+00                             NZ=T
 IS=     1 IAt=     1 ISR=     1 T=0 IP=      3 IndIP=      3 IndIPD=      2 C=  2.383089D+00  0.000000D+00                             NZ=T
 IS=     1 IAt=     1 ISR=     1 T=0 IP=      4 IndIP=      4 IndIPD=      3 C=  3.200089D+00  0.000000D+00                             NZ=T
 IS=     1 IAt=     1 ISR=     1 T=0 IP=      5 IndIP=      5 IndIPD=      4 C=  3.013004D+00  0.000000D+00                             NZ=T
 IS=     1 IAt=     1 ISR=     1 T=0 IP=      6 IndIP=      6 IndIPD=      5 C=  2.475986D-01  0.000000D+00                             NZ=T
 IS=     2 IAt=     1 ISR=     2 T=1 IP=      1 IndIP=      7 IndIPD=      0 C=  8.006285D-01  2.573592D+00                             NZ=T
 IS=     2 IAt=     1 ISR=     2 T=1 IP=      2 IndIP=      8 IndIPD=      1 C=  2.127420D+00  2.408248D+00                             NZ=T
 IS=     2 IAt=     1 ISR=     2 T=1 IP=      3 IndIP=      9 IndIPD=      2 C= -2.867911D-03  1.865281D+00                             NZ=T
 IS=     3 IAt=     1 ISR=     3 T=1 IP=      1 IndIP=     10 IndIPD=      0 C=  4.132166D-01  5.746273D-01                             NZ=T
 IS=     4 IAt=     1 ISR=     4 T=1 IP=      1 IndIP=     11 IndIPD=      0 C=  1.679761D-01  1.281846D-01                             NZ=T
 IS=     5 IAt=     1 ISR=     5 T=1 IP=      1 IndIP=     12 IndIPD=      0 C=  6.823633D-02  2.856161D-02                             NZ=T
 IS=     6 IAt=     1 ISR=     6 T=2 IP=      1 IndIP=     13 IndIPD=      1 C=  0.000000D+00  0.000000D+00  7.251278D-01  0.000000D+00 NZ=T
 IS=     7 IAt=     2 ISR=     1 T=0 IP=      1 IndIP=     14 IndIPD=      0 C=  2.550693D-01  0.000000D+00                             NZ=T
 IS=     7 IAt=     2 ISR=     1 T=0 IP=      2 IndIP=     15 IndIPD=      1 C=  4.601087D-01  0.000000D+00                             NZ=T
 IS=     7 IAt=     2 ISR=     1 T=0 IP=      3 IndIP=     16 IndIPD=      2 C=  6.783214D-01  0.000000D+00                             NZ=T
 IS=     8 IAt=     2 ISR=     2 T=0 IP=      1 IndIP=     17 IndIPD=      0 C=  3.073714D-01  0.000000D+00                             NZ=T
 IS=     9 IAt=     2 ISR=     3 T=0 IP=      1 IndIP=     18 IndIPD=      0 C=  1.293356D-01  0.000000D+00                             NZ=T
 IS=    10 IAt=     3 ISR=     1 T=0 IP=      1 IndIP=     19 IndIPD=      0 C=  2.550693D-01  0.000000D+00                             NZ=T
 IS=    10 IAt=     3 ISR=     1 T=0 IP=      2 IndIP=     20 IndIPD=      1 C=  4.601087D-01  0.000000D+00                             NZ=T
 IS=    10 IAt=     3 ISR=     1 T=0 IP=      3 IndIP=     21 IndIPD=      2 C=  6.783214D-01  0.000000D+00                             NZ=T
 IS=    11 IAt=     3 ISR=     2 T=0 IP=      1 IndIP=     22 IndIPD=      0 C=  3.073714D-01  0.000000D+00                             NZ=T
 IS=    12 IAt=     3 ISR=     3 T=0 IP=      1 IndIP=     23 IndIPD=      0 C=  1.293356D-01  0.000000D+00                             NZ=T
 IS=    13 IAt=     4 ISR=     1 T=0 IP=      1 IndIP=     24 IndIPD=      0 C=  7.782018D-01  0.000000D+00                             NZ=T
 IS=    13 IAt=     4 ISR=     1 T=0 IP=      2 IndIP=     25 IndIPD=      1 C=  1.448695D+00  0.000000D+00                             NZ=T
 IS=    13 IAt=     4 ISR=     1 T=0 IP=      3 IndIP=     26 IndIPD=      2 C=  2.383089D+00  0.000000D+00                             NZ=T
 IS=    13 IAt=     4 ISR=     1 T=0 IP=      4 IndIP=     27 IndIPD=      3 C=  3.200089D+00  0.000000D+00                             NZ=T
 IS=    13 IAt=     4 ISR=     1 T=0 IP=      5 IndIP=     28 IndIPD=      4 C=  3.013004D+00  0.000000D+00                             NZ=T
 IS=    13 IAt=     4 ISR=     1 T=0 IP=      6 IndIP=     29 IndIPD=      5 C=  2.475986D-01  0.000000D+00                             NZ=T
 IS=    14 IAt=     4 ISR=     2 T=1 IP=      1 IndIP=     30 IndIPD=      0 C=  8.006285D-01  2.573592D+00                             NZ=T
 IS=    14 IAt=     4 ISR=     2 T=1 IP=      2 IndIP=     31 IndIPD=      1 C=  2.127420D+00  2.408248D+00                             NZ=T
 IS=    14 IAt=     4 ISR=     2 T=1 IP=      3 IndIP=     32 IndIPD=      2 C= -2.867911D-03  1.865281D+00                             NZ=T
 IS=    15 IAt=     4 ISR=     3 T=1 IP=      1 IndIP=     33 IndIPD=      0 C=  4.132166D-01  5.746273D-01                             NZ=T
 IS=    16 IAt=     4 ISR=     4 T=1 IP=      1 IndIP=     34 IndIPD=      0 C=  1.679761D-01  1.281846D-01                             NZ=T
 IS=    17 IAt=     4 ISR=     5 T=1 IP=      1 IndIP=     35 IndIPD=      0 C=  6.823633D-02  2.856161D-02                             NZ=T
 IS=    18 IAt=     4 ISR=     6 T=2 IP=      1 IndIP=     36 IndIPD=      2 C=  0.000000D+00  0.000000D+00  7.251278D-01  0.000000D+00 NZ=T
 IS=    19 IAt=     5 ISR=     1 T=0 IP=      1 IndIP=     37 IndIPD=      0 C=  2.550693D-01  0.000000D+00                             NZ=T
 IS=    19 IAt=     5 ISR=     1 T=0 IP=      2 IndIP=     38 IndIPD=      1 C=  4.601087D-01  0.000000D+00                             NZ=T
 IS=    19 IAt=     5 ISR=     1 T=0 IP=      3 IndIP=     39 IndIPD=      2 C=  6.783214D-01  0.000000D+00                             NZ=T
 IS=    20 IAt=     5 ISR=     2 T=0 IP=      1 IndIP=     40 IndIPD=      0 C=  3.073714D-01  0.000000D+00                             NZ=T
 IS=    21 IAt=     5 ISR=     3 T=0 IP=      1 IndIP=     41 IndIPD=      0 C=  1.293356D-01  0.000000D+00                             NZ=T
 IS=    22 IAt=     6 ISR=     1 T=0 IP=      1 IndIP=     42 IndIPD=      0 C=  2.550693D-01  0.000000D+00                             NZ=T
 IS=    22 IAt=     6 ISR=     1 T=0 IP=      2 IndIP=     43 IndIPD=      1 C=  4.601087D-01  0.000000D+00                             NZ=T
 IS=    22 IAt=     6 ISR=     1 T=0 IP=      3 IndIP=     44 IndIPD=      2 C=  6.783214D-01  0.000000D+00                             NZ=T
 IS=    23 IAt=     6 ISR=     2 T=0 IP=      1 IndIP=     45 IndIPD=      0 C=  3.073714D-01  0.000000D+00                             NZ=T
 IS=    24 IAt=     6 ISR=     3 T=0 IP=      1 IndIP=     46 IndIPD=      0 C=  1.293356D-01  0.000000D+00                             NZ=T
 IS=    25 IAt=     7 ISR=     1 T=0 IP=      1 IndIP=     47 IndIPD=      0 C=  7.782018D-01  0.000000D+00                             NZ=T
 IS=    25 IAt=     7 ISR=     1 T=0 IP=      2 IndIP=     48 IndIPD=      1 C=  1.448695D+00  0.000000D+00                             NZ=T
 IS=    25 IAt=     7 ISR=     1 T=0 IP=      3 IndIP=     49 IndIPD=      2 C=  2.383089D+00  0.000000D+00                             NZ=T
 IS=    25 IAt=     7 ISR=     1 T=0 IP=      4 IndIP=     50 IndIPD=      3 C=  3.200089D+00  0.000000D+00                             NZ=T
 IS=    25 IAt=     7 ISR=     1 T=0 IP=      5 IndIP=     51 IndIPD=      4 C=  3.013004D+00  0.000000D+00                             NZ=T
 IS=    25 IAt=     7 ISR=     1 T=0 IP=      6 IndIP=     52 IndIPD=      5 C=  2.475986D-01  0.000000D+00                             NZ=T
 IS=    26 IAt=     7 ISR=     2 T=1 IP=      1 IndIP=     53 IndIPD=      0 C=  8.006285D-01  2.573592D+00                             NZ=T
 IS=    26 IAt=     7 ISR=     2 T=1 IP=      2 IndIP=     54 IndIPD=      1 C=  2.127420D+00  2.408248D+00                             NZ=T
 IS=    26 IAt=     7 ISR=     2 T=1 IP=      3 IndIP=     55 IndIPD=      2 C= -2.867911D-03  1.865281D+00                             NZ=T
 IS=    27 IAt=     7 ISR=     3 T=1 IP=      1 IndIP=     56 IndIPD=      0 C=  4.132166D-01  5.746273D-01                             NZ=T
 IS=    28 IAt=     7 ISR=     4 T=1 IP=      1 IndIP=     57 IndIPD=      0 C=  1.679761D-01  1.281846D-01                             NZ=T
 IS=    29 IAt=     7 ISR=     5 T=1 IP=      1 IndIP=     58 IndIPD=      0 C=  6.823633D-02  2.856161D-02                             NZ=T
 IS=    30 IAt=     7 ISR=     6 T=2 IP=      1 IndIP=     59 IndIPD=      3 C=  0.000000D+00  0.000000D+00  7.251278D-01  0.000000D+00 NZ=T
 IS=    31 IAt=     8 ISR=     1 T=0 IP=      1 IndIP=     60 IndIPD=      0 C=  2.550693D-01  0.000000D+00                             NZ=T
 IS=    31 IAt=     8 ISR=     1 T=0 IP=      2 IndIP=     61 IndIPD=      1 C=  4.601087D-01  0.000000D+00                             NZ=T
 IS=    31 IAt=     8 ISR=     1 T=0 IP=      3 IndIP=     62 IndIPD=      2 C=  6.783214D-01  0.000000D+00                             NZ=T
 IS=    32 IAt=     8 ISR=     2 T=0 IP=      1 IndIP=     63 IndIPD=      0 C=  3.073714D-01  0.000000D+00                             NZ=T
 IS=    33 IAt=     8 ISR=     3 T=0 IP=      1 IndIP=     64 IndIPD=      0 C=  1.293356D-01  0.000000D+00                             NZ=T
 IS=    34 IAt=     9 ISR=     1 T=0 IP=      1 IndIP=     65 IndIPD=      0 C=  2.550693D-01  0.000000D+00                             NZ=T
 IS=    34 IAt=     9 ISR=     1 T=0 IP=      2 IndIP=     66 IndIPD=      1 C=  4.601087D-01  0.000000D+00                             NZ=T
 IS=    34 IAt=     9 ISR=     1 T=0 IP=      3 IndIP=     67 IndIPD=      2 C=  6.783214D-01  0.000000D+00                             NZ=T
 IS=    35 IAt=     9 ISR=     2 T=0 IP=      1 IndIP=     68 IndIPD=      0 C=  3.073714D-01  0.000000D+00                             NZ=T
 IS=    36 IAt=     9 ISR=     3 T=0 IP=      1 IndIP=     69 IndIPD=      0 C=  1.293356D-01  0.000000D+00                             NZ=T
 IS=    37 IAt=    10 ISR=     1 T=0 IP=      1 IndIP=     70 IndIPD=      0 C=  7.782018D-01  0.000000D+00                             NZ=T
 IS=    37 IAt=    10 ISR=     1 T=0 IP=      2 IndIP=     71 IndIPD=      1 C=  1.448695D+00  0.000000D+00                             NZ=T
 IS=    37 IAt=    10 ISR=     1 T=0 IP=      3 IndIP=     72 IndIPD=      2 C=  2.383089D+00  0.000000D+00                             NZ=T
 IS=    37 IAt=    10 ISR=     1 T=0 IP=      4 IndIP=     73 IndIPD=      3 C=  3.200089D+00  0.000000D+00                             NZ=T
 IS=    37 IAt=    10 ISR=     1 T=0 IP=      5 IndIP=     74 IndIPD=      4 C=  3.013004D+00  0.000000D+00                             NZ=T
 IS=    37 IAt=    10 ISR=     1 T=0 IP=      6 IndIP=     75 IndIPD=      5 C=  2.475986D-01  0.000000D+00                             NZ=T
 IS=    38 IAt=    10 ISR=     2 T=1 IP=      1 IndIP=     76 IndIPD=      0 C=  8.006285D-01  2.573592D+00                             NZ=T
 IS=    38 IAt=    10 ISR=     2 T=1 IP=      2 IndIP=     77 IndIPD=      1 C=  2.127420D+00  2.408248D+00                             NZ=T
 IS=    38 IAt=    10 ISR=     2 T=1 IP=      3 IndIP=     78 IndIPD=      2 C= -2.867911D-03  1.865281D+00                             NZ=T
 IS=    39 IAt=    10 ISR=     3 T=1 IP=      1 IndIP=     79 IndIPD=      0 C=  4.132166D-01  5.746273D-01                             NZ=T
 IS=    40 IAt=    10 ISR=     4 T=1 IP=      1 IndIP=     80 IndIPD=      0 C=  1.679761D-01  1.281846D-01                             NZ=T
 IS=    41 IAt=    10 ISR=     5 T=1 IP=      1 IndIP=     81 IndIPD=      0 C=  6.823633D-02  2.856161D-02                             NZ=T
 IS=    42 IAt=    10 ISR=     6 T=2 IP=      1 IndIP=     82 IndIPD=      4 C=  0.000000D+00  0.000000D+00  7.251278D-01  0.000000D+00 NZ=T
 IS=    43 IAt=    11 ISR=     1 T=0 IP=      1 IndIP=     83 IndIPD=      0 C=  2.550693D-01  0.000000D+00                             NZ=T
 IS=    43 IAt=    11 ISR=     1 T=0 IP=      2 IndIP=     84 IndIPD=      1 C=  4.601087D-01  0.000000D+00                             NZ=T
 IS=    43 IAt=    11 ISR=     1 T=0 IP=      3 IndIP=     85 IndIPD=      2 C=  6.783214D-01  0.000000D+00                             NZ=T
 IS=    44 IAt=    11 ISR=     2 T=0 IP=      1 IndIP=     86 IndIPD=      0 C=  3.073714D-01  0.000000D+00                             NZ=T
 IS=    45 IAt=    11 ISR=     3 T=0 IP=      1 IndIP=     87 IndIPD=      0 C=  1.293356D-01  0.000000D+00                             NZ=T
 IS=    46 IAt=    12 ISR=     1 T=0 IP=      1 IndIP=     88 IndIPD=      0 C=  2.550693D-01  0.000000D+00                             NZ=T
 IS=    46 IAt=    12 ISR=     1 T=0 IP=      2 IndIP=     89 IndIPD=      1 C=  4.601087D-01  0.000000D+00                             NZ=T
 IS=    46 IAt=    12 ISR=     1 T=0 IP=      3 IndIP=     90 IndIPD=      2 C=  6.783214D-01  0.000000D+00                             NZ=T
 IS=    47 IAt=    12 ISR=     2 T=0 IP=      1 IndIP=     91 IndIPD=      0 C=  3.073714D-01  0.000000D+00                             NZ=T
 IS=    48 IAt=    12 ISR=     3 T=0 IP=      1 IndIP=     92 IndIPD=      0 C=  1.293356D-01  0.000000D+00                             NZ=T
 IExCor= 4639 DFT=T Ex+Corr=wB97XD ExCW=0 ScaHFX=  1.000000
 ScaDFX=  1.000000  1.000000  1.000000  1.000000 ScalE2=  1.000000  1.000000
 IRadAn=      5 IRanWt=     -1 IRanGd=            0 ICorTp=0 IEmpDi=121
 HFx  wShort=  0.000000 wLong=  0.200000 cFull=  0.222036 cShort=  0.000000 cLong=  0.777964
 DFx  wShort=  0.000000 wLong=  0.200000 cFull=  0.000000 cShort=  0.000000 cLong=  1.000000
 NAtoms=   12 NActive=   12 NUniq=   12 SFac= 1.00D+00 NAtFMM=   60 NAOKFM=F Big=F
 Integral buffers will be    131072 words long.
 Raffenetti 2 integral format.
 Two-electron integral symmetry is turned off.
 Nuclear repulsion after empirical dispersion term =     5084.3705189704 Hartrees.
 NPDir=0 NMtPBC=     1 NCelOv=     1 NCel=       1 NClECP=     1 NCelD=      1
         NCelK=      1 NCelE2=     1 NClLst=     1 CellRange=     0.0.
 One-electron integrals computed using PRISM.
 Entering OneElI...
 Calculate overlap and kinetic energy integrals
    NBasis = 112  MinDer = 0  MaxDer = 0
 Requested accuracy = 0.1000D-12
 PrmmSu-InSpLW:  IPartL=    0 NPrtUS=    1 NPrtUL=    1 DoSpLW=F IThBeg=    0 IThEnd=    0 NThAct=    1.
 PrSmSu:  IncTry=   512 NBBP=            940 NTPThr=   100 NPartT=    1 Incr=           9 LDynOK=F GPUOK=F.
 PrsmSu:  NPrtUS=   1 ThrOK=F IAlg=2 LenDen=           0 ISkipM=0 DoSpLW=F IThBeg=    0 IThEnd=    0.
 Prism:   IPart=     0 DynPar=F LinDyn=F Incr=           9.
 PRISM was handed   671000556 working-precision words and   940 shell-pairs
 IPart=  0 NShTot=         940 NBatch=          27 AvBLen=        34.8
 PrSmSu:  NxtVal=             10.
 *** Overlap *** 
                1             2             3             4             5 
      1  0.100000D+01
      2  0.878444D+00  0.100000D+01
      3  0.000000D+00  0.000000D+00  0.100000D+01
      4  0.000000D+00  0.000000D+00  0.000000D+00  0.100000D+01
      5  0.000000D+00  0.000000D+00  0.000000D+00  0.000000D+00  0.100000D+01
      6  0.329179D+00  0.418800D+00  0.000000D+00  0.000000D+00  0.000000D+00
      7  0.000000D+00  0.000000D+00  0.629120D+00  0.000000D+00  0.000000D+00
      8  0.000000D+00  0.000000D+00  0.000000D+00  0.629120D+00  0.000000D+00
      9  0.000000D+00  0.000000D+00  0.000000D+00  0.000000D+00  0.629120D+00
     10  0.153761D+00  0.187145D+00  0.000000D+00  0.000000D+00  0.000000D+00
     11  0.000000D+00  0.000000D+00  0.220230D+00  0.000000D+00  0.000000D+00
     12  0.000000D+00  0.000000D+00  0.000000D+00  0.220230D+00  0.000000D+00
     13  0.000000D+00  0.000000D+00  0.000000D+00  0.000000D+00  0.220230D+00
     14  0.655625D-01  0.783157D-01  0.000000D+00  0.000000D+00  0.000000D+00
     15  0.000000D+00  0.000000D+00  0.573499D-01  0.000000D+00  0.000000D+00
     16  0.000000D+00  0.000000D+00  0.000000D+00  0.573499D-01  0.000000D+00
     17  0.000000D+00  0.000000D+00  0.000000D+00  0.000000D+00  0.573499D-01
     18  0.000000D+00  0.000000D+00  0.000000D+00  0.000000D+00  0.000000D+00
     19  0.000000D+00  0.000000D+00  0.000000D+00  0.000000D+00  0.000000D+00
     20  0.000000D+00  0.000000D+00  0.000000D+00  0.000000D+00  0.000000D+00
     21  0.000000D+00  0.000000D+00  0.000000D+00  0.000000D+00  0.000000D+00
     22  0.000000D+00  0.000000D+00  0.000000D+00  0.000000D+00  0.000000D+00
     23  0.000000D+00  0.000000D+00  0.000000D+00  0.000000D+00  0.000000D+00
     24  0.000000D+00  0.000000D+00  0.000000D+00  0.000000D+00  0.000000D+00
     25  0.000000D+00  0.000000D+00  0.000000D+00  0.000000D+00  0.000000D+00
     26  0.000000D+00  0.000000D+00  0.000000D+00  0.000000D+00  0.000000D+00
     27  0.000000D+00  0.000000D+00  0.000000D+00  0.000000D+00  0.000000D+00
     28  0.000000D+00  0.000000D+00  0.000000D+00  0.000000D+00  0.000000D+00
     29  0.667493D-04  0.991487D-05 -0.877867D-03  0.172605D-02 -0.213187D-04
     30  0.991487D-05 -0.125255D-05 -0.384608D-03  0.756212D-03 -0.934006D-05
     31  0.877867D-03  0.384608D-03 -0.413886D-02  0.149340D-01 -0.184452D-03
     32 -0.172605D-02 -0.756212D-03  0.149340D-01 -0.259066D-01  0.362668D-03
     33  0.213187D-04  0.934006D-05 -0.184452D-03  0.362668D-03  0.345209D-02
     34  0.158112D-01  0.171700D-01 -0.368640D-01  0.724817D-01 -0.895229D-03
     35  0.229038D-01  0.265787D-01 -0.408865D-02  0.935010D-01 -0.115484D-02
     36 -0.450331D-01 -0.522589D-01  0.935010D-01 -0.140375D+00  0.227064D-02
     37  0.556209D-03  0.645455D-03 -0.115484D-02  0.227064D-02  0.434377D-01
     38  0.561940D-01  0.671780D-01 -0.391218D-01  0.769210D-01 -0.950059D-03
     39  0.499204D-01  0.607767D-01  0.507907D-01  0.654118D-01 -0.807909D-03
     40 -0.981531D-01 -0.119499D+00  0.654118D-01 -0.445531D-01  0.158850D-02
     41  0.121230D-02  0.147594D-02 -0.807909D-03  0.158850D-02  0.840394D-01
     42  0.479638D-01  0.571879D-01 -0.107559D-01  0.211481D-01 -0.261202D-03
     43  0.241344D-01  0.289464D-01  0.367951D-01  0.104971D-01 -0.129651D-03
     44 -0.474527D-01 -0.569142D-01  0.104971D-01  0.214946D-01  0.254918D-03
     45  0.586094D-03  0.702953D-03 -0.129651D-03  0.254918D-03  0.421307D-01
     46 -0.302929D-01 -0.359403D-01  0.508700D-01 -0.100020D+00  0.290224D-02
     47  0.523847D-03  0.621506D-03 -0.312962D-03  0.250755D-02  0.395980D-01
     48 -0.102998D-02 -0.122200D-02  0.250755D-02 -0.396795D-02 -0.778571D-01
     49 -0.309104D-01 -0.366729D-01  0.114882D+00 -0.700439D-01  0.182749D-02
     50 -0.424129D-01 -0.503199D-01  0.253387D-01 -0.163393D+00  0.250755D-02
     51  0.000000D+00  0.000000D+00 -0.305583D-05  0.637046D-05 -0.281292D-05
     52  0.725482D-03  0.692831D-03 -0.217284D-02  0.452970D-02 -0.200012D-02
     53  0.163976D-01  0.192837D-01 -0.126636D-01  0.263997D-01 -0.116570D-01
     54  0.193354D-02  0.117389D-02  0.443337D-02  0.442723D-03  0.276328D-01
     55  0.372552D-01  0.434643D-01  0.184776D-01  0.184520D-02  0.115169D+00
     56  0.628185D-01  0.752396D-01  0.104984D-01  0.104838D-02  0.654355D-01
     57  0.996530D+00  0.877130D+00  0.268878D-01  0.110495D-01  0.111002D-01
     58  0.877130D+00  0.998965D+00  0.296104D-01  0.121683D-01  0.122242D-01
     59 -0.268878D-01 -0.296104D-01  0.999075D+00 -0.227527D-03 -0.228571D-03
     60 -0.110495D-01 -0.121683D-01 -0.227527D-03  0.999536D+00 -0.939306D-04
     61 -0.111002D-01 -0.122242D-01 -0.228571D-03 -0.939306D-04  0.999535D+00
     62  0.329126D+00  0.418730D+00  0.735740D-02  0.302350D-02  0.303738D-02
     63 -0.678272D-02 -0.893837D-02  0.628900D+00 -0.542377D-04 -0.544866D-04
     64 -0.278734D-02 -0.367320D-02 -0.542377D-04  0.629010D+00 -0.223911D-04
     65 -0.280013D-02 -0.369006D-02 -0.544866D-04 -0.223911D-04  0.629009D+00
     66  0.153753D+00  0.187135D+00  0.141347D-02  0.580861D-03  0.583528D-03
     67 -0.188581D-02 -0.233485D-02  0.220203D+00 -0.681410D-05 -0.684538D-05
     68 -0.774966D-03 -0.959499D-03 -0.681410D-05  0.220216D+00 -0.281309D-05
     69 -0.778523D-03 -0.963903D-03 -0.684538D-05 -0.281309D-05  0.220216D+00
     70  0.655614D-01  0.783144D-01  0.201900D-03  0.829702D-04  0.833510D-04
     71 -0.454969D-03 -0.546675D-03  0.573476D-01  0.000000D+00  0.000000D+00
     72 -0.186968D-03 -0.224654D-03  0.000000D+00  0.573487D-01  0.000000D+00
     73 -0.187826D-03 -0.225686D-03  0.000000D+00  0.000000D+00  0.573487D-01
     74 -0.480915D-04 -0.655869D-04  0.814979D-02  0.334913D-02 -0.673008D-02
     75  0.830606D-04  0.113278D-03 -0.582662D-02  0.000000D+00 -0.141167D-01
     76  0.341335D-04  0.465511D-04  0.000000D+00 -0.582786D-02 -0.580123D-02
     77  0.836095D-04  0.114026D-03 -0.141158D-01  0.580210D-02  0.000000D+00
     78  0.826811D-04  0.112760D-03 -0.579999D-02 -0.141167D-01  0.000000D+00
     79  0.000000D+00  0.000000D+00  0.000000D+00  0.000000D+00  0.000000D+00
     80  0.000000D+00  0.000000D+00  0.000000D+00  0.000000D+00  0.000000D+00
     81  0.000000D+00  0.000000D+00  0.000000D+00  0.000000D+00  0.000000D+00
     82  0.000000D+00  0.000000D+00  0.000000D+00  0.000000D+00  0.000000D+00
     83  0.000000D+00  0.000000D+00  0.000000D+00  0.000000D+00  0.000000D+00
     84  0.000000D+00  0.000000D+00  0.000000D+00  0.000000D+00  0.000000D+00
     85  0.631303D-04  0.910239D-05 -0.837002D-03  0.164805D-02 -0.226959D-04
     86  0.910239D-05 -0.117158D-05 -0.360210D-03  0.709249D-03 -0.976736D-05
     87  0.837002D-03  0.360210D-03 -0.400090D-02  0.143885D-01 -0.198150D-03
     88 -0.164805D-02 -0.709249D-03  0.143885D-01 -0.250241D-01  0.390155D-03
     89  0.226959D-04  0.976736D-05 -0.198150D-03  0.390155D-03  0.330130D-02
     90  0.154241D-01  0.167211D-01 -0.361669D-01  0.712122D-01 -0.980693D-03
     91  0.224043D-01  0.259613D-01 -0.427536D-02  0.921331D-01 -0.126880D-02
     92 -0.441138D-01 -0.511175D-01  0.921331D-01 -0.138892D+00  0.249826D-02
     93  0.607509D-03  0.703961D-03 -0.126880D-02  0.249826D-02  0.424824D-01
     94  0.557271D-01  0.666097D-01 -0.389267D-01  0.766461D-01 -0.105553D-02
     95  0.496532D-01  0.604427D-01  0.501892D-01  0.653728D-01 -0.900275D-03
     96 -0.977666D-01 -0.119011D+00  0.653728D-01 -0.453277D-01  0.177263D-02
     97  0.134638D-02  0.163895D-02 -0.900275D-03  0.177263D-02  0.833660D-01
     98  0.478397D-01  0.570390D-01 -0.107605D-01  0.211872D-01 -0.291778D-03
     99  0.241438D-01  0.289574D-01  0.366692D-01  0.105480D-01 -0.145260D-03
    100 -0.475389D-01 -0.570167D-01  0.105480D-01  0.212575D-01  0.286016D-03
    101  0.654678D-03  0.785200D-03 -0.145260D-03  0.286016D-03  0.420224D-01
    102 -0.296002D-01 -0.350438D-01  0.502588D-01 -0.989589D-01  0.318032D-02
    103  0.570286D-03  0.675164D-03 -0.349418D-03  0.275414D-02  0.386608D-01
    104 -0.112289D-02 -0.132939D-02  0.275414D-02 -0.437353D-02 -0.761226D-01
    105 -0.302530D-01 -0.358166D-01  0.112901D+00 -0.699066D-01  0.201206D-02
    106 -0.414109D-01 -0.490265D-01  0.253727D-01 -0.161291D+00  0.275414D-02
    107  0.000000D+00  0.000000D+00 -0.425758D-05  0.910942D-05 -0.389134D-05
    108  0.853377D-03  0.822994D-03 -0.244758D-02  0.523679D-02 -0.223704D-02
    109  0.173393D-01  0.204070D-01 -0.129519D-01  0.277115D-01 -0.118377D-01
    110  0.174143D-02  0.102900D-02  0.420104D-02  0.684816D-04  0.254613D-01
    111  0.357597D-01  0.416500D-01  0.184853D-01  0.301331D-03  0.112034D+00
    112  0.619548D-01  0.741915D-01  0.107585D-01  0.175376D-03  0.652045D-01
                6             7             8             9            10 
      6  0.100000D+01
      7  0.000000D+00  0.100000D+01
      8  0.000000D+00  0.000000D+00  0.100000D+01
      9  0.000000D+00  0.000000D+00  0.000000D+00  0.100000D+01
     10  0.774697D+00  0.000000D+00  0.000000D+00  0.000000D+00  0.100000D+01
     11  0.000000D+00  0.653461D+00  0.000000D+00  0.000000D+00  0.000000D+00
     12  0.000000D+00  0.000000D+00  0.653461D+00  0.000000D+00  0.000000D+00
     13  0.000000D+00  0.000000D+00  0.000000D+00  0.653461D+00  0.000000D+00
     14  0.410096D+00  0.000000D+00  0.000000D+00  0.000000D+00  0.774408D+00
     15  0.000000D+00  0.226365D+00  0.000000D+00  0.000000D+00  0.000000D+00
     16  0.000000D+00  0.000000D+00  0.226365D+00  0.000000D+00  0.000000D+00
     17  0.000000D+00  0.000000D+00  0.000000D+00  0.226365D+00  0.000000D+00
     18  0.000000D+00  0.000000D+00  0.000000D+00  0.000000D+00  0.000000D+00
     19  0.000000D+00  0.000000D+00  0.000000D+00  0.000000D+00  0.000000D+00
     20  0.000000D+00  0.000000D+00  0.000000D+00  0.000000D+00  0.000000D+00
     21  0.000000D+00  0.000000D+00  0.000000D+00  0.000000D+00  0.000000D+00
     22  0.000000D+00  0.000000D+00  0.000000D+00  0.000000D+00  0.000000D+00
     23  0.000000D+00  0.000000D+00  0.000000D+00  0.000000D+00  0.000000D+00
     24  0.000000D+00  0.000000D+00  0.000000D+00  0.000000D+00  0.000000D+00
     25  0.000000D+00  0.000000D+00  0.000000D+00  0.000000D+00  0.000000D+00
     26  0.000000D+00  0.000000D+00  0.000000D+00  0.000000D+00  0.000000D+00
     27  0.000000D+00  0.000000D+00  0.000000D+00  0.000000D+00  0.000000D+00
     28  0.000000D+00  0.000000D+00  0.000000D+00  0.000000D+00  0.000000D+00
     29  0.158112D-01 -0.229038D-01  0.450331D-01 -0.556209D-03  0.561940D-01
     30  0.171700D-01 -0.265787D-01  0.522589D-01 -0.645455D-03  0.671780D-01
     31  0.368640D-01 -0.408865D-02  0.935010D-01 -0.115484D-02  0.391218D-01
     32 -0.724817D-01  0.935010D-01 -0.140375D+00  0.227064D-02 -0.769210D-01
     33  0.895229D-03 -0.115484D-02  0.227064D-02  0.434377D-01  0.950059D-03
     34  0.173733D+00 -0.147346D+00  0.289710D+00 -0.357824D-02  0.344579D+00
     35  0.147346D+00  0.487668D-01  0.245707D+00 -0.303476D-02  0.135273D+00
     36 -0.289710D+00  0.245707D+00 -0.309374D+00  0.596691D-02 -0.265973D+00
     37  0.357824D-02 -0.303476D-02  0.596691D-02  0.173659D+00  0.328506D-02
     38  0.344579D+00 -0.135273D+00  0.265973D+00 -0.328506D-02  0.590341D+00
     39  0.246509D+00  0.193881D+00  0.190274D+00 -0.235010D-02  0.274750D+00
     40 -0.484683D+00  0.190274D+00 -0.834612D-01  0.462074D-02 -0.540211D+00
     41  0.598637D-02 -0.235010D-02  0.462074D-02  0.290597D+00  0.667220D-02
     42  0.306618D+00 -0.432051D-01  0.849495D-01 -0.104922D-02  0.606867D+00
     43  0.143541D+00  0.149021D+00  0.397686D-01 -0.491186D-03  0.238182D+00
     44 -0.282229D+00  0.397686D-01  0.910547D-01  0.965765D-03 -0.468310D+00
     45  0.348585D-02 -0.491186D-03  0.965765D-03  0.169235D+00  0.578415D-02
     46 -0.136129D+00  0.642981D-01 -0.126422D+00  0.636895D-02 -0.548204D-01
     47  0.235404D-02  0.522600D-03  0.442984D-02  0.114240D+00  0.947995D-03
     48 -0.462848D-02  0.442984D-02 -0.593430D-02 -0.224618D+00 -0.186394D-02
     49 -0.138903D+00  0.247237D+00 -0.366641D-01  0.322845D-02 -0.559379D-01
     50 -0.190593D+00 -0.423120D-01 -0.244364D+00  0.442984D-02 -0.767538D-01
     51  0.792490D-03 -0.140681D-02  0.293276D-02 -0.129498D-02  0.338053D-01
     52  0.194288D-01 -0.195958D-01  0.408512D-01 -0.180381D-01  0.117551D+00
     53  0.120774D+00 -0.530266D-01  0.110544D+00 -0.488116D-01  0.291354D+00
     54  0.831981D-01  0.336983D-01  0.336517D-02  0.210039D+00  0.196525D+00
     55  0.270037D+00  0.614151D-01  0.613301D-02  0.382795D+00  0.458246D+00
     56  0.379777D+00  0.375996D-01  0.375475D-02  0.234355D+00  0.657826D+00
     57  0.329126D+00  0.678272D-02  0.278734D-02  0.280013D-02  0.153753D+00
     58  0.418730D+00  0.893837D-02  0.367320D-02  0.369006D-02  0.187135D+00
     59 -0.735740D-02  0.628900D+00 -0.542377D-04 -0.544866D-04 -0.141347D-02
     60 -0.302350D-02 -0.542377D-04  0.629010D+00 -0.223911D-04 -0.580861D-03
     61 -0.303738D-02 -0.544866D-04 -0.223911D-04  0.629009D+00 -0.583528D-03
     62  0.999908D+00  0.116953D-01  0.480616D-02  0.482822D-02  0.774664D+00
     63 -0.116953D-01  0.999772D+00 -0.562147D-04 -0.564727D-04 -0.419404D-02
     64 -0.480616D-02 -0.562147D-04  0.999885D+00 -0.232073D-04 -0.172353D-02
     65 -0.482822D-02 -0.564727D-04 -0.232073D-04  0.999885D+00 -0.173144D-02
     66  0.774664D+00  0.419404D-02  0.172353D-02  0.173144D-02  0.999972D+00
     67 -0.764281D-02  0.653392D+00 -0.170043D-04 -0.170823D-04 -0.641829D-02
