9.989500000000000046e-01 8.780470000000000219e-01 7.677950000000000226e-03 1.432940000000000082e-02 -5.306769999999999717e-03 3.291629999999999834e-01 1.935520000000000036e-03 3.612259999999999950e-03 -1.337770000000000062e-03 1.537590000000000068e-01 5.380919999999999974e-04 1.004239999999999994e-03 -3.719129999999999745e-04 1.150140000000000017e-02 7.351829999999999476e-02 7.900669999999999915e-02 7.937009999999999552e-03 6.403369999999999895e-02 7.541480000000000405e-02 9.269099999999999735e-05 1.632070000000000114e-05 -1.814180000000000089e-03 -1.784020000000000094e-03 -1.062600000000000025e-04 1.829240000000000033e-02 -4.067429999999999657e-02 -3.999830000000000052e-02 -2.382389999999999855e-03 5.901730000000000170e-02 -8.036519999999999775e-02 -7.902950000000000252e-02 -4.707180000000000045e-03 3.162489999999999938e-06 2.781089999999999951e-03 2.599939999999999890e-02 1.436399999999999918e-06 2.014939999999999787e-03 2.328430000000000083e-02
8.780470000000000219e-01 9.996880000000000210e-01 8.452619999999999231e-03 1.577510000000000023e-02 -5.842199999999999650e-03 4.187779999999999836e-01 2.550660000000000167e-03 4.760310000000000236e-03 -1.762939999999999950e-03 1.871420000000000028e-01 6.662219999999999514e-04 1.243369999999999935e-03 -4.604729999999999804e-04 1.035679999999999934e-02 8.806440000000000101e-02 9.491499999999999937e-02 6.660560000000000265e-03 7.630800000000000083e-02 9.054449999999999998e-02 1.632070000000000114e-05 -1.849430000000000011e-06 -8.813300000000000474e-04 -8.666810000000000052e-04 -5.162150000000000034e-05 2.006190000000000057e-02 -4.759959999999999886e-02 -4.680840000000000001e-02 -2.788019999999999995e-03 7.061679999999999346e-02 -9.792520000000000391e-02 -9.629759999999999709e-02 -5.735699999999999826e-03 0.000000000000000000e+00 2.869050000000000159e-03 3.077169999999999905e-02 0.000000000000000000e+00 2.042210000000000032e-03 2.751639999999999989e-02
-7.677950000000000226e-03 -8.452619999999999231e-03 9.998430000000000373e-01 -8.415419999999999465e-05 3.116579999999999898e-05 -2.099479999999999923e-03 6.290829999999999478e-01 -2.005520000000000070e-05 7.427300000000000022e-06 -4.033160000000000260e-04 2.202260000000000051e-01 -2.519459999999999930e-06 0.000000000000000000e+00 3.123329999999999856e-02 5.207660000000000067e-02 1.985730000000000134e-02 -7.670580000000000453e-02 -1.545670000000000099e-01 -6.390859999999999597e-02 1.814180000000000089e-03 8.813300000000000474e-04 -1.871410000000000087e-02 -2.281479999999999966e-02 -1.358899999999999908e-03 6.433139999999999692e-02 -7.775379999999999792e-02 -1.251259999999999872e-01 -7.452789999999999936e-03 6.284560000000000146e-02 6.181439999999999851e-03 -8.055450000000000110e-02 -4.798010000000000122e-03 3.801749999999999981e-05 4.674619999999999991e-03 1.227100000000000066e-02 6.449809999999999831e-05 1.206959999999999977e-02 3.834970000000000045e-02
-1.432940000000000082e-02 -1.577510000000000023e-02 -8.415419999999999465e-05 9.997310000000000363e-01 5.816480000000000256e-05 -3.918259999999999799e-03 -2.005520000000000070e-05 6.290559999999999485e-01 1.386159999999999956e-05 -7.527099999999999676e-04 -2.519459999999999930e-06 2.202220000000000011e-01 1.741380000000000046e-06 -9.948220000000000673e-02 -1.658709999999999907e-01 -6.324799999999999867e-02 1.795719999999999955e-02 3.618489999999999901e-02 1.496130000000000029e-02 1.784020000000000094e-03 8.666810000000000052e-04 -2.281479999999999966e-02 -1.794930000000000136e-02 -1.336310000000000059e-03 6.326210000000000166e-02 -1.251259999999999872e-01 -7.355920000000000514e-02 -7.328910000000000112e-03 6.180100000000000177e-02 -8.055450000000000110e-02 8.881850000000000162e-03 -4.718260000000000162e-03 1.275419999999999928e-04 1.568239999999999912e-02 4.116689999999999933e-02 1.936669999999999874e-05 3.624109999999999832e-03 1.151519999999999974e-02
5.306769999999999717e-03 5.842199999999999650e-03 3.116579999999999898e-05 5.816480000000000256e-05 9.998669999999999503e-01 1.451100000000000089e-03 7.427300000000000022e-06 1.386159999999999956e-05 6.290879999999999805e-01 2.787600000000000212e-04 0.000000000000000000e+00 1.741380000000000046e-06 2.202260000000000051e-01 -1.147109999999999970e-02 -1.912629999999999886e-02 -7.293019999999999885e-03 -1.704869999999999997e-02 -3.435420000000000140e-02 -1.420440000000000071e-02 1.062600000000000025e-04 5.162150000000000034e-05 -1.358899999999999908e-03 -1.336310000000000059e-03 4.406690000000000433e-03 3.768039999999999844e-03 -7.452789999999999936e-03 -7.328910000000000112e-03 4.905049999999999688e-02 3.681010000000000185e-03 -4.798010000000000122e-03 -4.718260000000000162e-03 8.781640000000000279e-02 -1.446140000000000015e-05 -1.778169999999999924e-03 -4.667759999999999965e-03 -5.977209999999999986e-06 -1.118520000000000018e-03 -3.553970000000000046e-03
3.291629999999999834e-01 4.187779999999999836e-01 2.099479999999999923e-03 3.918259999999999799e-03 -1.451100000000000089e-03 9.999719999999999720e-01 3.337210000000000176e-03 6.228240000000000338e-03 -2.306579999999999915e-03 7.746870000000000145e-01 2.180769999999999844e-03 4.069970000000000011e-03 -1.507279999999999948e-03 1.853990000000000082e-01 4.231119999999999881e-01 4.617729999999999890e-01 1.575360000000000094e-01 3.862590000000000190e-01 4.438130000000000130e-01 1.829240000000000033e-02 2.006190000000000057e-02 -6.433139999999999692e-02 -6.326210000000000166e-02 -3.768039999999999844e-03 1.892000000000000071e-01 -2.459530000000000050e-01 -2.418649999999999967e-01 -1.440600000000000040e-02 3.584539999999999949e-01 -3.930540000000000145e-01 -3.865210000000000035e-01 -2.302210000000000020e-02 3.893540000000000022e-03 4.795069999999999888e-02 1.789650000000000130e-01 2.659330000000000114e-03 3.862979999999999886e-02 1.628940000000000110e-01
-1.935520000000000036e-03 -2.550660000000000167e-03 6.290829999999999478e-01 -2.005520000000000070e-05 7.427300000000000022e-06 -3.337210000000000176e-03 9.999609999999999888e-01 -2.078549999999999945e-05 7.697759999999999970e-06 -1.196709999999999918e-03 6.534489999999999466e-01 -6.287170000000000149e-06 2.328400000000000018e-06 1.141859999999999958e-01 1.457509999999999917e-01 6.924489999999999812e-02 -3.263840000000000074e-01 -4.479770000000000141e-01 -2.240679999999999894e-01 4.067429999999999657e-02 4.759959999999999886e-02 -7.775379999999999792e-02 -1.251259999999999872e-01 -7.452789999999999936e-03 2.459530000000000050e-01 -1.305300000000000071e-01 -3.144159999999999733e-01 -1.872729999999999881e-02 2.156909999999999938e-01 6.584639999999999938e-02 -2.325800000000000090e-01 -1.385300000000000073e-02 4.294489999999999766e-03 2.997460000000000055e-02 4.870019999999999905e-02 1.019409999999999934e-02 8.398440000000000072e-02 1.541639999999999955e-01
-3.612259999999999950e-03 -4.760310000000000236e-03 -2.005520000000000070e-05 6.290559999999999485e-01 1.386159999999999956e-05 -6.228240000000000338e-03 -2.078549999999999945e-05 9.999339999999999895e-01 1.436629999999999999e-05 -2.233429999999999790e-03 -6.287170000000000149e-06 6.534410000000000496e-01 4.345500000000000153e-06 -3.636960000000000193e-01 -4.642359999999999820e-01 -2.205540000000000000e-01 7.640810000000000657e-02 1.048739999999999950e-01 5.245550000000000213e-02 3.999830000000000052e-02 4.680840000000000001e-02 -1.251259999999999872e-01 -7.355920000000000514e-02 -7.328910000000000112e-03 2.418649999999999967e-01 -3.144159999999999733e-01 -1.199899999999999994e-01 -1.841610000000000122e-02 2.121059999999999890e-01 -2.325800000000000090e-01 7.364320000000000588e-02 -1.362279999999999915e-02 1.440720000000000021e-02 1.005589999999999956e-01 1.633799999999999975e-01 3.060970000000000097e-03 2.521779999999999855e-02 4.629060000000000119e-02
1.337770000000000062e-03 1.762939999999999950e-03 7.427300000000000022e-06 1.386159999999999956e-05 6.290879999999999805e-01 2.306579999999999915e-03 7.697759999999999970e-06 1.436629999999999999e-05 9.999670000000000503e-01 8.271310000000000467e-04 2.328400000000000018e-06 4.345500000000000153e-06 6.534510000000000041e-01 -4.193720000000000087e-02 -5.353030000000000288e-02 -2.543170000000000153e-02 -7.254220000000000113e-02 -9.956760000000000610e-02 -4.980149999999999855e-02 2.382389999999999855e-03 2.788019999999999995e-03 -7.452789999999999936e-03 -7.328910000000000112e-03 4.905049999999999688e-02 1.440600000000000040e-02 -1.872729999999999881e-02 -1.841610000000000122e-02 1.881029999999999924e-01 1.263350000000000063e-02 -1.385300000000000073e-02 -1.362279999999999915e-02 3.015459999999999807e-01 -1.633569999999999987e-03 -1.140200000000000068e-02 -1.852499999999999980e-02 -9.447179999999999900e-04 -7.783059999999999631e-03 -1.428680000000000054e-02
1.537590000000000068e-01 1.871420000000000028e-01 4.033160000000000260e-04 7.527099999999999676e-04 -2.787600000000000212e-04 7.746870000000000145e-01 1.196709999999999918e-03 2.233429999999999790e-03 -8.271310000000000467e-04 9.999919999999999920e-01 1.831350000000000035e-03 3.417859999999999995e-03 -1.265779999999999987e-03 2.654219999999999913e-01 5.779919999999999503e-01 7.558970000000000411e-01 2.497179999999999955e-01 5.513940000000000508e-01 7.348789999999999489e-01 5.901730000000000170e-02 7.061679999999999346e-02 -6.284560000000000146e-02 -6.180100000000000177e-02 -3.681010000000000185e-03 3.584539999999999949e-01 -2.156909999999999938e-01 -2.121059999999999890e-01 -1.263350000000000063e-02 6.056979999999999587e-01 -4.320829999999999949e-01 -4.249020000000000019e-01 -2.530810000000000004e-02 6.184499999999999720e-02 1.875229999999999952e-01 3.853300000000000058e-01 5.352230000000000182e-02 1.676980000000000137e-01 3.603990000000000249e-01
-5.380919999999999974e-04 -6.662219999999999514e-04 2.202260000000000051e-01 -2.519459999999999930e-06 0.000000000000000000e+00 -2.180769999999999844e-03 6.534489999999999466e-01 -6.287170000000000149e-06 2.328400000000000018e-06 -1.831350000000000035e-03 9.999879999999999880e-01 -6.259349999999999626e-06 2.318099999999999879e-06 1.115120000000000000e-01 1.875650000000000095e-01 1.468329999999999913e-01 -3.532150000000000012e-01 -6.024399999999999755e-01 -4.806150000000000144e-01 8.036519999999999775e-02 9.792520000000000391e-02 6.181439999999999851e-03 -8.055450000000000110e-02 -4.798010000000000122e-03 3.930540000000000145e-01 6.584639999999999938e-02 -2.325800000000000090e-01 -1.385300000000000073e-02 4.320829999999999949e-01 2.974649999999999794e-01 -3.031099999999999905e-01 -1.805390000000000120e-02 4.711019999999999791e-02 1.104300000000000004e-01 1.358300000000000063e-01 1.417839999999999934e-01 3.434619999999999895e-01 4.418389999999999818e-01
-1.004239999999999994e-03 -1.243369999999999935e-03 -2.519459999999999930e-06 2.202220000000000011e-01 1.741380000000000046e-06 -4.069970000000000011e-03 -6.287170000000000149e-06 6.534410000000000496e-01 4.345500000000000153e-06 -3.417859999999999995e-03 -6.259349999999999626e-06 9.999799999999999800e-01 4.326279999999999853e-06 -3.551799999999999957e-01 -5.974190000000000333e-01 -4.676819999999999866e-01 8.268929999999999336e-02 1.410339999999999927e-01 1.125140000000000029e-01 7.902950000000000252e-02 9.629759999999999709e-02 -8.055450000000000110e-02 8.881850000000000162e-03 -4.718260000000000162e-03 3.865210000000000035e-01 -2.325800000000000090e-01 7.364320000000000588e-02 -1.362279999999999915e-02 4.249020000000000019e-01 -3.031099999999999905e-01 3.076260000000000105e-01 -1.775380000000000014e-02 1.580459999999999920e-01 3.704729999999999968e-01 4.556830000000000047e-01 4.257319999999999854e-02 1.031299999999999994e-01 1.326700000000000101e-01
3.719129999999999745e-04 4.604729999999999804e-04 0.000000000000000000e+00 1.741380000000000046e-06 2.202260000000000051e-01 1.507279999999999948e-03 2.328400000000000018e-06 4.345500000000000153e-06 6.534510000000000041e-01 1.265779999999999987e-03 2.318099999999999879e-06 4.326279999999999853e-06 9.999900000000000455e-01 -4.095530000000000004e-02 -6.888750000000000429e-02 -5.392759999999999915e-02 -7.850569999999999771e-02 -1.338989999999999903e-01 -1.068220000000000003e-01 4.707180000000000045e-03 5.735699999999999826e-03 -4.798010000000000122e-03 -4.718260000000000162e-03 8.781640000000000279e-02 2.302210000000000020e-02 -1.385300000000000073e-02 -1.362279999999999915e-02 3.015459999999999807e-01 2.530810000000000004e-02 -1.805390000000000120e-02 -1.775380000000000014e-02 6.046409999999999840e-01 -1.792020000000000071e-02 -4.200650000000000217e-02 -5.166810000000000153e-02 -1.313950000000000014e-02 -3.182949999999999668e-02 -4.094649999999999679e-02
1.154930000000000019e-02 1.040780000000000004e-02 3.091280000000000069e-02 -9.977990000000000470e-02 -1.250779999999999947e-02 1.857360000000000122e-01 1.128220000000000056e-01 -3.641650000000000165e-01 -4.564959999999999851e-02 2.656020000000000048e-01 1.100539999999999990e-01 -3.552319999999999922e-01 -4.452980000000000133e-02 9.996150000000000313e-01 7.062850000000000517e-01 3.736459999999999781e-01 3.453239999999999890e-04 2.342609999999999831e-02 1.067450000000000065e-01 1.841720000000000004e-06 0.000000000000000000e+00 -2.639800000000000035e-05 -7.926119999999999932e-05 -7.324269999999999926e-06 2.998610000000000077e-03 -3.753289999999999838e-03 -1.126940000000000060e-02 -1.041370000000000013e-03 5.601559999999999873e-02 -4.844319999999999876e-02 -1.454529999999999990e-01 -1.344079999999999928e-02 0.000000000000000000e+00 1.503219999999999882e-04 1.644599999999999881e-02 4.765510000000000220e-06 3.522990000000000149e-03 5.297799999999999732e-02
7.363139999999999963e-02 8.820479999999999987e-02 5.143299999999999955e-02 -1.660149999999999959e-01 -2.081070000000000142e-02 4.235410000000000008e-01 1.438939999999999941e-01 -4.644590000000000107e-01 -5.822190000000000004e-02 5.782950000000000035e-01 1.850839999999999985e-01 -5.974140000000000006e-01 -7.488830000000000486e-02 7.062850000000000517e-01 9.999179999999999735e-01 7.889319999999999666e-01 2.342609999999999831e-02 1.162399999999999961e-01 2.811529999999999863e-01 2.230119999999999932e-03 2.273059999999999924e-03 -4.327789999999999762e-03 -1.299439999999999970e-02 -1.200770000000000092e-03 4.135189999999999699e-02 -2.934890000000000068e-02 -8.812150000000000538e-02 -8.143009999999999138e-03 1.737059999999999993e-01 -1.161409999999999942e-01 -3.487199999999999744e-01 -3.222400000000000264e-02 1.503219999999999882e-04 4.671480000000000424e-03 6.021200000000000163e-02 3.522990000000000149e-03 3.488120000000000109e-02 1.578720000000000123e-01
7.904759999999999565e-02 9.496469999999999911e-02 1.959419999999999912e-02 -6.324599999999999667e-02 -7.928150000000000128e-03 4.619770000000000265e-01 6.832340000000000635e-02 -2.205340000000000078e-01 -2.764480000000000062e-02 7.561339999999999728e-01 1.448599999999999888e-01 -4.675790000000000224e-01 -5.861299999999999844e-02 3.736459999999999781e-01 7.889319999999999666e-01 9.999740000000000295e-01 1.067450000000000065e-01 2.811529999999999863e-01 5.073360000000000092e-01 2.410750000000000046e-02 2.850300000000000056e-02 -1.294829999999999939e-02 -3.887770000000000115e-02 -3.592559999999999851e-03 1.677949999999999997e-01 -5.184160000000000157e-02 -1.556569999999999898e-01 -1.438369999999999926e-02 3.680740000000000123e-01 -1.473109999999999975e-01 -4.423090000000000077e-01 -4.087230000000000030e-02 1.644599999999999881e-02 6.021200000000000163e-02 1.841420000000000001e-01 5.297799999999999732e-02 1.578720000000000123e-01 3.471060000000000256e-01
8.016419999999999796e-03 6.740519999999999845e-03 -7.774929999999999342e-02 1.709650000000000059e-02 -1.591750000000000109e-02 1.582300000000000095e-01 -3.294790000000000219e-01 7.245000000000000051e-02 -6.745389999999999719e-02 2.501300000000000190e-01 -3.555760000000000032e-01 7.818869999999999987e-02 -7.279679999999999485e-02 3.595970000000000199e-04 2.384980000000000086e-02 1.074539999999999940e-01 9.977449999999999930e-01 7.058389999999999942e-01 3.735600000000000032e-01 0.000000000000000000e+00 0.000000000000000000e+00 -2.836530000000000098e-05 -9.963869999999999184e-06 -3.817189999999999785e-06 1.702460000000000041e-03 -6.644330000000000375e-03 -2.333959999999999941e-03 -8.941459999999999599e-04 4.519159999999999844e-02 -1.219620000000000010e-01 -4.284160000000000051e-02 -1.641269999999999882e-02 3.503630000000000199e-06 3.075270000000000174e-03 5.037760000000000155e-02 0.000000000000000000e+00 6.614459999999999687e-05 1.212380000000000055e-02
6.427309999999999968e-02 7.660419999999999729e-02 -1.558740000000000125e-01 3.427560000000000329e-02 -3.191200000000000286e-02 3.872120000000000006e-01 -4.513389999999999902e-01 9.924629999999999563e-02 -9.240230000000000665e-02 5.520969999999999489e-01 -6.062400000000000011e-01 1.333080000000000098e-01 -1.241150000000000031e-01 2.384980000000000086e-02 1.175690000000000068e-01 2.826899999999999968e-01 7.058389999999999942e-01 9.995209999999999928e-01 7.887819999999999832e-01 1.382559999999999909e-03 1.371679999999999905e-03 -8.677670000000000175e-03 -3.048209999999999982e-03 -1.167779999999999990e-03 2.999349999999999933e-02 -6.643830000000000569e-02 -2.333779999999999882e-02 -8.940780000000000602e-03 1.471349999999999880e-01 -3.070309999999999984e-01 -1.078510000000000024e-01 -4.131800000000000056e-02 3.075270000000000174e-03 3.199119999999999742e-02 1.514600000000000113e-01 6.614459999999999687e-05 2.765829999999999938e-03 4.683240000000000319e-02
7.550969999999999904e-02 9.065990000000000160e-02 -6.430819999999999592e-02 1.414089999999999965e-02 -1.316580000000000007e-02 4.442889999999999895e-01 -2.254359999999999975e-01 4.957179999999999920e-02 -4.615339999999999721e-02 7.354399999999999826e-01 -4.833990000000000231e-01 1.062960000000000016e-01 -9.896589999999999554e-02 1.074539999999999940e-01 2.826899999999999968e-01 5.091579999999999995e-01 3.735600000000000032e-01 7.887819999999999832e-01 9.998489999999999878e-01 2.046399999999999955e-02 2.414039999999999936e-02 -3.447580000000000089e-02 -1.211029999999999919e-02 -4.639500000000000395e-03 1.459040000000000059e-01 -1.406890000000000085e-01 -4.941979999999999984e-02 -1.893289999999999904e-02 3.332550000000000234e-01 -4.162680000000000269e-01 -1.462219999999999909e-01 -5.601830000000000004e-02 5.037760000000000155e-02 1.514600000000000113e-01 3.377689999999999859e-01 1.212380000000000055e-02 4.683240000000000319e-02 1.560910000000000075e-01
9.175590000000000016e-05 1.607340000000000098e-05 1.799140000000000071e-03 1.769009999999999897e-03 1.014150000000000039e-04 1.821029999999999871e-02 4.052719999999999934e-02 3.984839999999999910e-02 2.284469999999999817e-03 5.892820000000000003e-02 8.031729999999999425e-02 7.897220000000000628e-02 4.527390000000000060e-03 2.078150000000000169e-06 2.342859999999999995e-03 2.451789999999999872e-02 0.000000000000000000e+00 1.474870000000000087e-03 2.092279999999999834e-02 9.993889999999999718e-01 8.782130000000000214e-01 -4.937590000000000381e-03 -1.201480000000000083e-02 -1.129130000000000108e-03 3.291700000000000181e-01 -1.244550000000000083e-03 -3.028429999999999924e-03 -2.846060000000000191e-04 1.537600000000000078e-01 -3.459930000000000058e-04 -8.419190000000000007e-04 -7.912200000000000580e-05 9.481240000000000154e-03 6.843280000000000196e-02 7.712209999999999899e-02 7.998099999999999307e-03 6.421799999999999731e-02 7.548789999999999667e-02
1.607340000000000098e-05 -1.827509999999999931e-06 8.712839999999999474e-04 8.566920000000000437e-04 4.911320000000000269e-05 1.996590000000000170e-02 4.741530000000000050e-02 4.662120000000000153e-02 2.672739999999999838e-03 7.050829999999999598e-02 9.786430000000000129e-02 9.622529999999999972e-02 5.516489999999999762e-03 0.000000000000000000e+00 2.394460000000000165e-03 2.899490000000000053e-02 0.000000000000000000e+00 1.468719999999999965e-03 2.468920000000000142e-02 8.782130000000000214e-01 9.998190000000000133e-01 -5.435449999999999657e-03 -1.322629999999999986e-02 -1.242980000000000083e-03 4.187870000000000203e-01 -1.640100000000000021e-03 -3.990920000000000231e-03 -3.750590000000000152e-04 1.871440000000000048e-01 -4.283800000000000151e-04 -1.042399999999999967e-03 -9.796230000000000226e-05 8.236629999999999993e-03 8.175419999999999909e-02 9.262149999999999550e-02 6.722050000000000247e-03 7.653600000000000680e-02 9.063340000000000285e-02
-1.799140000000000071e-03 -8.712839999999999474e-04 -1.860509999999999942e-02 -2.266929999999999987e-02 -1.299610000000000088e-03 -6.413339999999999319e-02 -7.767459999999999642e-02 -1.248380000000000045e-01 -7.156810000000000428e-03 -6.281230000000000147e-02 6.022539999999999838e-03 -8.057519999999999960e-02 -4.619289999999999854e-03 -2.908370000000000074e-05 -4.471270000000000279e-03 -1.299220000000000062e-02 -3.261580000000000035e-05 -9.170380000000000545e-03 -3.506200000000000289e-02 4.937590000000000381e-03 5.435449999999999657e-03 9.999160000000000270e-01 -4.536710000000000140e-05 -4.263509999999999774e-06 1.349979999999999973e-03 6.290999999999999925e-01 -1.081120000000000078e-05 -1.016009999999999951e-06 2.593319999999999762e-04 2.202280000000000071e-01 -1.358150000000000075e-06 0.000000000000000000e+00 -3.231749999999999901e-02 -5.946649999999999853e-02 -2.364809999999999829e-02 7.516159999999999508e-02 1.508629999999999971e-01 6.227200000000000096e-02
-1.769009999999999897e-03 -8.566920000000000437e-04 -2.266929999999999987e-02 -1.783929999999999891e-02 -1.277839999999999922e-03 -6.305929999999999869e-02 -1.248380000000000045e-01 -7.345759999999999790e-02 -7.036950000000000149e-03 -6.176029999999999714e-02 -8.057519999999999960e-02 8.744409999999999336e-03 -4.541919999999999638e-03 -8.810709999999999538e-05 -1.354540000000000084e-02 -3.935910000000000103e-02 -1.114889999999999925e-05 -3.134679999999999932e-03 -1.198510000000000027e-02 1.201480000000000083e-02 1.322629999999999986e-02 -4.536710000000000140e-05 9.998249999999999638e-01 -1.037460000000000059e-05 3.284950000000000023e-03 -1.081120000000000078e-05 6.290780000000000260e-01 -2.472300000000000029e-06 6.310429999999999685e-04 -1.358150000000000075e-06 2.202250000000000041e-01 0.000000000000000000e+00 8.249309999999999976e-02 1.517930000000000113e-01 6.036389999999999811e-02 -2.479009999999999894e-02 -4.975809999999999955e-02 -2.053870000000000001e-02
-1.014150000000000039e-04 -4.911320000000000269e-05 -1.299610000000000088e-03 -1.277839999999999922e-03 4.377090000000000147e-03 -3.615119999999999879e-03 -7.156810000000000428e-03 -7.036950000000000149e-03 4.888610000000000178e-02 -3.540649999999999787e-03 -4.619289999999999854e-03 -4.541919999999999638e-03 8.770980000000000443e-02 -7.780989999999999849e-06 -1.196229999999999950e-03 -3.475910000000000024e-03 -4.714350000000000018e-06 -1.325500000000000072e-03 -5.067920000000000064e-03 1.129130000000000108e-03 1.242980000000000083e-03 -4.263509999999999774e-06 -1.037460000000000059e-05 9.999339999999999895e-01 3.087140000000000262e-04 -1.016009999999999951e-06 -2.472300000000000029e-06 6.291039999999999965e-01 5.930430000000000071e-05 0.000000000000000000e+00 0.000000000000000000e+00 2.202280000000000071e-01 -2.298709999999999989e-02 -4.229789999999999939e-02 -1.682070000000000093e-02 -1.746829999999999911e-02 -3.506200000000000289e-02 -1.447260000000000039e-02
1.821029999999999871e-02 1.996590000000000170e-02 6.413339999999999319e-02 6.305929999999999869e-02 3.615119999999999879e-03 1.887030000000000096e-01 2.455320000000000003e-01 2.414199999999999957e-01 1.384029999999999982e-02 3.580180000000000029e-01 3.929360000000000075e-01 3.863559999999999772e-01 2.214930000000000024e-02 3.178779999999999974e-03 4.274279999999999746e-02 1.702289999999999914e-01 1.837929999999999989e-03 3.132560000000000205e-02 1.486899999999999888e-01 3.291700000000000181e-01 4.187870000000000203e-01 -1.349979999999999973e-03 -3.284950000000000023e-03 -3.087140000000000262e-04 9.999839999999999840e-01 -2.145839999999999987e-03 -5.221550000000000150e-03 -4.907110000000000118e-04 7.746910000000000185e-01 -1.402229999999999970e-03 -3.412109999999999883e-03 -3.206630000000000027e-04 1.703729999999999967e-01 4.035710000000000131e-01 4.523650000000000171e-01 1.580709999999999893e-01 3.869929999999999759e-01 4.441800000000000193e-01
-4.052719999999999934e-02 -4.741530000000000050e-02 -7.767459999999999642e-02 -1.248380000000000045e-01 -7.156810000000000428e-03 -2.455320000000000003e-01 -1.307730000000000004e-01 -3.141249999999999876e-01 -1.800850000000000020e-02 -2.156260000000000121e-01 6.533319999999999406e-02 -2.326930000000000109e-01 -1.334010000000000057e-02 -3.927919999999999676e-03 -2.994499999999999940e-02 -5.191550000000000331e-02 -7.140750000000000396e-03 -6.906809999999999339e-02 -1.427130000000000065e-01 1.244550000000000083e-03 1.640100000000000021e-03 6.290999999999999925e-01 -1.081120000000000078e-05 -1.016009999999999951e-06 2.145839999999999987e-03 9.999789999999999512e-01 -1.120479999999999985e-05 -1.052999999999999913e-06 7.694839999999999666e-04 6.534550000000000081e-01 -3.389170000000000112e-06 0.000000000000000000e+00 -1.278630000000000044e-01 -1.694779999999999898e-01 -8.269630000000000036e-02 3.188110000000000110e-01 4.369230000000000058e-01 2.183060000000000000e-01
-3.984839999999999910e-02 -4.662120000000000153e-02 -1.248380000000000045e-01 -7.345759999999999790e-02 -7.036950000000000149e-03 -2.414199999999999957e-01 -3.141249999999999876e-01 -1.201610000000000039e-01 -1.770690000000000111e-02 -2.120150000000000090e-01 -2.326930000000000109e-01 7.319370000000000043e-02 -1.311660000000000083e-02 -1.189939999999999921e-02 -9.071640000000000259e-02 -1.572749999999999981e-01 -2.440889999999999813e-03 -2.360929999999999973e-02 -4.878289999999999710e-02 3.028429999999999924e-03 3.990920000000000231e-03 -1.081120000000000078e-05 6.290780000000000260e-01 -2.472300000000000029e-06 5.221550000000000150e-03 -1.120479999999999985e-05 9.999569999999999848e-01 -2.562309999999999867e-06 1.872420000000000074e-03 -3.389170000000000112e-06 6.534480000000000288e-01 0.000000000000000000e+00 3.263809999999999767e-01 4.326079999999999925e-01 2.110889999999999989e-01 -1.051509999999999945e-01 -1.441070000000000129e-01 -7.200220000000000231e-02
-2.284469999999999817e-03 -2.672739999999999838e-03 -7.156810000000000428e-03 -7.036950000000000149e-03 4.888610000000000178e-02 -1.384029999999999982e-02 -1.800850000000000020e-02 -1.770690000000000111e-02 1.876879999999999937e-01 -1.215459999999999978e-02 -1.334010000000000057e-02 -1.311660000000000083e-02 3.012380000000000058e-01 -1.050869999999999973e-03 -8.011420000000000000e-03 -1.388939999999999966e-02 -1.032139999999999967e-03 -9.983219999999999247e-03 -2.062790000000000110e-02 2.846060000000000191e-04 3.750590000000000152e-04 -1.016009999999999951e-06 -2.472300000000000029e-06 6.291039999999999965e-01 4.907110000000000118e-04 -1.052999999999999913e-06 -2.562309999999999867e-06 9.999839999999999840e-01 1.759660000000000022e-04 0.000000000000000000e+00 0.000000000000000000e+00 6.534560000000000368e-01 -9.094770000000000632e-02 -1.205480000000000024e-01 -5.882099999999999829e-02 -7.409480000000000233e-02 -1.015449999999999964e-01 -5.073629999999999807e-02
5.892820000000000003e-02 7.050829999999999598e-02 6.281230000000000147e-02 6.176029999999999714e-02 3.540649999999999787e-03 3.580180000000000029e-01 2.156260000000000121e-01 2.120150000000000090e-01 1.215459999999999978e-02 6.052189999999999515e-01 4.321369999999999933e-01 4.248999999999999999e-01 2.435899999999999871e-02 5.726849999999999996e-02 1.767029999999999990e-01 3.718609999999999971e-01 4.652379999999999710e-02 1.504780000000000006e-01 3.377669999999999839e-01 1.537600000000000078e-01 1.871440000000000048e-01 -2.593319999999999762e-04 -6.310429999999999685e-04 -5.930430000000000071e-05 7.746910000000000185e-01 -7.694839999999999666e-04 -1.872420000000000074e-03 -1.759660000000000022e-04 9.999949999999999672e-01 -1.177550000000000081e-03 -2.865390000000000211e-03 -2.692840000000000056e-04 2.571539999999999937e-01 5.640340000000000353e-01 7.449170000000000513e-01 2.500350000000000072e-01 5.519349999999999534e-01 7.353110000000000479e-01
-8.031729999999999425e-02 -9.786430000000000129e-02 6.022539999999999838e-03 -8.057519999999999960e-02 -4.619289999999999854e-03 -3.929360000000000075e-01 6.533319999999999406e-02 -2.326930000000000109e-01 -1.334010000000000057e-02 -4.321369999999999933e-01 2.966650000000000120e-01 -3.033859999999999890e-01 -1.739279999999999993e-02 -4.888889999999999902e-02 -1.166220000000000034e-01 -1.469090000000000118e-01 -1.249790000000000068e-01 -3.125539999999999985e-01 -4.199519999999999920e-01 3.459930000000000058e-04 4.283800000000000151e-04 2.202280000000000071e-01 -1.358150000000000075e-06 0.000000000000000000e+00 1.402229999999999970e-03 6.534550000000000081e-01 -3.389170000000000112e-06 0.000000000000000000e+00 1.177550000000000081e-03 9.999940000000000495e-01 -3.374169999999999833e-06 0.000000000000000000e+00 -1.317059999999999897e-01 -2.231380000000000030e-01 -1.764030000000000042e-01 3.442830000000000057e-01 5.870370000000000310e-01 4.681420000000000026e-01
-7.897220000000000628e-02 -9.622529999999999972e-02 -8.057519999999999960e-02 8.744409999999999336e-03 -4.541919999999999638e-03 -3.863559999999999772e-01 -2.326930000000000109e-01 7.319370000000000043e-02 -1.311660000000000083e-02 -4.248999999999999999e-01 -3.033859999999999890e-01 3.069140000000000201e-01 -1.710149999999999865e-02 -1.481059999999999877e-01 -3.532970000000000277e-01 -4.450489999999999724e-01 -4.272100000000000203e-02 -1.068390000000000034e-01 -1.435510000000000119e-01 8.419190000000000007e-04 1.042399999999999967e-03 -1.358150000000000075e-06 2.202250000000000041e-01 0.000000000000000000e+00 3.412109999999999883e-03 -3.389170000000000112e-06 6.534480000000000288e-01 0.000000000000000000e+00 2.865390000000000211e-03 -3.374169999999999833e-06 9.999869999999999592e-01 0.000000000000000000e+00 3.361919999999999908e-01 5.695789999999999464e-01 4.502840000000000176e-01 -1.135530000000000012e-01 -1.936180000000000123e-01 -1.544040000000000135e-01
-4.527390000000000060e-03 -5.516489999999999762e-03 -4.619289999999999854e-03 -4.541919999999999638e-03 8.770980000000000443e-02 -2.214930000000000024e-02 -1.334010000000000057e-02 -1.311660000000000083e-02 3.012380000000000058e-01 -2.435899999999999871e-02 -1.739279999999999993e-02 -1.710149999999999865e-02 6.042380000000000528e-01 -1.307960000000000025e-02 -3.120070000000000135e-02 -3.930360000000000104e-02 -1.806460000000000010e-02 -4.517709999999999781e-02 -6.070049999999999751e-02 7.912200000000000580e-05 9.796230000000000226e-05 0.000000000000000000e+00 0.000000000000000000e+00 2.202280000000000071e-01 3.206630000000000027e-04 0.000000000000000000e+00 0.000000000000000000e+00 6.534560000000000368e-01 2.692840000000000056e-04 0.000000000000000000e+00 0.000000000000000000e+00 9.999949999999999672e-01 -9.368139999999999801e-02 -1.587159999999999960e-01 -1.254740000000000022e-01 -8.001479999999999704e-02 -1.364329999999999987e-01 -1.088009999999999949e-01
3.049970000000000040e-06 0.000000000000000000e+00 3.674079999999999897e-05 1.235499999999999945e-04 -1.481760000000000023e-05 3.825999999999999974e-03 4.214709999999999984e-03 1.417299999999999983e-02 -1.699790000000000068e-03 6.143620000000000331e-02 4.674160000000000120e-02 1.571799999999999864e-01 -1.885090000000000030e-02 0.000000000000000000e+00 1.561090000000000058e-04 1.667830000000000007e-02 4.426519999999999591e-06 3.409970000000000015e-03 5.234219999999999845e-02 9.542490000000000694e-03 8.300010000000000027e-03 -3.289550000000000113e-02 8.241829999999999989e-02 -2.408470000000000055e-02 1.708550000000000069e-01 -1.298080000000000067e-01 3.252269999999999883e-01 -9.503960000000000186e-02 2.574259999999999882e-01 -1.334710000000000063e-01 3.344059999999999810e-01 -9.772200000000000331e-02 9.995920000000000361e-01 7.062800000000000189e-01 3.736450000000000049e-01 1.807079999999999917e-04 1.758809999999999887e-02 9.602299999999999724e-02
2.740240000000000124e-03 2.824639999999999790e-03 4.605530000000000040e-03 1.548719999999999958e-02 -1.857420000000000035e-03 4.747749999999999887e-02 2.964260000000000159e-02 9.968050000000000521e-02 -1.195489999999999921e-02 1.865640000000000076e-01 1.097319999999999962e-01 3.689999999999999947e-01 -4.425489999999999979e-02 1.561090000000000058e-04 4.785479999999999942e-03 6.091209999999999680e-02 3.409970000000000015e-03 3.416489999999999805e-02 1.563100000000000045e-01 6.859709999999999419e-02 8.195790000000000020e-02 -6.033150000000000318e-02 1.511579999999999868e-01 -4.417209999999999886e-02 4.042100000000000137e-01 -1.718389999999999918e-01 4.305350000000000010e-01 -1.258130000000000082e-01 5.644959999999999978e-01 -2.260739999999999972e-01 5.664169999999999483e-01 -1.655210000000000015e-01 7.062800000000000189e-01 9.999130000000000518e-01 7.889300000000000201e-01 1.758809999999999887e-02 9.691059999999999952e-02 2.576769999999999894e-01
2.586810000000000151e-02 3.061420000000000113e-02 1.219609999999999965e-02 4.101230000000000153e-02 -4.918689999999999868e-03 1.781939999999999913e-01 4.843129999999999658e-02 1.628620000000000068e-01 -1.953239999999999837e-02 3.841490000000000182e-01 1.352490000000000081e-01 4.548059999999999881e-01 -5.454590000000000133e-02 1.667830000000000007e-02 6.091209999999999680e-02 1.855469999999999897e-01 5.234219999999999845e-02 1.563100000000000045e-01 3.448430000000000106e-01 7.718440000000000023e-02 9.269729999999999637e-02 -2.395840000000000122e-02 6.002670000000000228e-02 -1.754129999999999925e-02 4.526769999999999960e-01 -8.377350000000000074e-02 2.098909999999999942e-01 -6.133530000000000232e-02 7.452820000000000000e-01 -1.786649999999999905e-01 4.476379999999999804e-01 -1.308110000000000106e-01 3.736450000000000049e-01 7.889300000000000201e-01 9.999730000000000008e-01 9.602299999999999724e-02 2.576769999999999894e-01 4.790619999999999878e-01
1.287320000000000069e-06 0.000000000000000000e+00 5.858599999999999778e-05 1.794320000000000127e-05 -5.007480000000000209e-06 2.522209999999999990e-03 9.702109999999999901e-03 2.971479999999999868e-03 -8.292609999999999738e-04 5.245849999999999819e-02 1.394600000000000006e-01 4.271269999999999928e-02 -1.192000000000000004e-02 4.665860000000000251e-06 3.490249999999999863e-03 5.279509999999999759e-02 0.000000000000000000e+00 6.759790000000000547e-05 1.222209999999999963e-02 8.107110000000000705e-03 6.831969999999999710e-03 7.626009999999999733e-02 -2.466000000000000136e-02 -1.656320000000000014e-02 1.590189999999999937e-01 3.216829999999999967e-01 -1.040220000000000034e-01 -6.986749999999999905e-02 2.505959999999999854e-01 3.460779999999999967e-01 -1.119099999999999956e-01 -7.516570000000000196e-02 1.864500000000000055e-04 1.783329999999999985e-02 9.651529999999999831e-02 9.989770000000000039e-01 7.061330000000000107e-01 3.736169999999999769e-01
1.926799999999999997e-03 1.948010000000000019e-03 1.162179999999999984e-02 3.559420000000000205e-03 -9.933389999999999841e-04 3.748719999999999830e-02 8.179100000000000259e-02 2.505030000000000104e-02 -6.990859999999999783e-03 1.651150000000000118e-01 3.393780000000000130e-01 1.039420000000000066e-01 -2.900739999999999916e-02 3.490249999999999863e-03 3.467449999999999699e-02 1.574230000000000074e-01 6.759790000000000547e-05 2.804479999999999820e-03 4.714510000000000228e-02 6.454459999999999364e-02 7.693999999999999451e-02 1.520120000000000082e-01 -4.915560000000000068e-02 -3.301590000000000080e-02 3.882909999999999973e-01 4.396860000000000213e-01 -1.421800000000000008e-01 -9.549689999999999568e-02 5.528910000000000213e-01 5.897940000000000405e-01 -1.907200000000000006e-01 -1.280989999999999907e-01 1.783329999999999985e-02 9.776590000000000280e-02 2.587650000000000228e-01 7.061330000000000107e-01 9.997829999999999773e-01 7.888810000000000544e-01
2.293030000000000068e-02 2.709229999999999972e-02 3.791909999999999725e-02 1.161350000000000056e-02 -3.241030000000000213e-03 1.607790000000000052e-01 1.527050000000000074e-01 4.676929999999999976e-02 -1.305210000000000051e-02 3.570659999999999945e-01 4.393150000000000110e-01 1.345500000000000029e-01 -3.754919999999999786e-02 5.279509999999999759e-02 1.574230000000000074e-01 3.464570000000000149e-01 1.222209999999999963e-02 4.714510000000000228e-02 1.567759999999999987e-01 7.561700000000000366e-02 9.079049999999999621e-02 6.255979999999999874e-02 -2.022979999999999917e-02 -1.358760000000000003e-02 4.448280000000000012e-01 2.192709999999999937e-01 -7.090499999999999581e-02 -4.762419999999999848e-02 7.360729999999999773e-01 4.700150000000000161e-01 -1.519870000000000110e-01 -1.020839999999999942e-01 9.651529999999999831e-02 2.587650000000000228e-01 4.803910000000000124e-01 3.736169999999999769e-01 7.888810000000000544e-01 9.999310000000000143e-01
