 Entering Gaussian System, Link 0=g16
 Initial command:
 /software/gaussian/g16-c01/avx2/g16/l1.exe "/gpfs/fs2/scratch/bweight/software/many_molecule_many_mode_NAMD/src/NAMD/TEST_SPINLSC/G16/DIMER/Gau-17482.inp" -scrdir="/gpfs/fs2/scratch/bweight/software/many_molecule_many_mode_NAMD/src/NAMD/TEST_SPINLSC/G16/DIMER/"
 Entering Link 1 = /software/gaussian/g16-c01/avx2/g16/l1.exe PID=     17483.
  
 Copyright (c) 1988-2019, Gaussian, Inc.  All Rights Reserved.
  
 This is part of the Gaussian(R) 16 program.  It is based on
 the Gaussian(R) 09 system (copyright 2009, Gaussian, Inc.),
 the Gaussian(R) 03 system (copyright 2003, Gaussian, Inc.),
 the Gaussian(R) 98 system (copyright 1998, Gaussian, Inc.),
 the Gaussian(R) 94 system (copyright 1995, Gaussian, Inc.),
 the Gaussian 92(TM) system (copyright 1992, Gaussian, Inc.),
 the Gaussian 90(TM) system (copyright 1990, Gaussian, Inc.),
 the Gaussian 88(TM) system (copyright 1988, Gaussian, Inc.),
 the Gaussian 86(TM) system (copyright 1986, Carnegie Mellon
 University), and the Gaussian 82(TM) system (copyright 1983,
 Carnegie Mellon University). Gaussian is a federally registered
 trademark of Gaussian, Inc.
  
 This software contains proprietary and confidential information,
 including trade secrets, belonging to Gaussian, Inc.
  
 This software is provided under written license and may be
 used, copied, transmitted, or stored only in accord with that
 written license.
  
 The following legend is applicable only to US Government
 contracts under FAR:
  
                    RESTRICTED RIGHTS LEGEND
  
 Use, reproduction and disclosure by the US Government is
 subject to restrictions as set forth in subparagraphs (a)
 and (c) of the Commercial Computer Software - Restricted
 Rights clause in FAR 52.227-19.
  
 Gaussian, Inc.
 340 Quinnipiac St., Bldg. 40, Wallingford CT 06492
  
  
 ---------------------------------------------------------------
 Warning -- This program may not be used in any manner that
 competes with the business of Gaussian, Inc. or will provide
 assistance to any competitor of Gaussian, Inc.  The licensee
 of this program is prohibited from giving any competitor of
 Gaussian, Inc. access to this program.  By using this program,
 the user acknowledges that Gaussian, Inc. is engaged in the
 business of creating and licensing software in the field of
 computational chemistry and represents and warrants to the
 licensee that it is not a competitor of Gaussian, Inc. and that
 it will not use this program in any manner prohibited above.
 ---------------------------------------------------------------
  

 Cite this work as:
 Gaussian 16, Revision C.01,
 M. J. Frisch, G. W. Trucks, H. B. Schlegel, G. E. Scuseria, 
 M. A. Robb, J. R. Cheeseman, G. Scalmani, V. Barone, 
 G. A. Petersson, H. Nakatsuji, X. Li, M. Caricato, A. V. Marenich, 
 J. Bloino, B. G. Janesko, R. Gomperts, B. Mennucci, H. P. Hratchian, 
 J. V. Ortiz, A. F. Izmaylov, J. L. Sonnenberg, D. Williams-Young, 
 F. Ding, F. Lipparini, F. Egidi, J. Goings, B. Peng, A. Petrone, 
 T. Henderson, D. Ranasinghe, V. G. Zakrzewski, J. Gao, N. Rega, 
 G. Zheng, W. Liang, M. Hada, M. Ehara, K. Toyota, R. Fukuda, 
 J. Hasegawa, M. Ishida, T. Nakajima, Y. Honda, O. Kitao, H. Nakai, 
 T. Vreven, K. Throssell, J. A. Montgomery, Jr., J. E. Peralta, 
 F. Ogliaro, M. J. Bearpark, J. J. Heyd, E. N. Brothers, K. N. Kudin, 
 V. N. Staroverov, T. A. Keith, R. Kobayashi, J. Normand, 
 K. Raghavachari, A. P. Rendell, J. C. Burant, S. S. Iyengar, 
 J. Tomasi, M. Cossi, J. M. Millam, M. Klene, C. Adamo, R. Cammi, 
 J. W. Ochterski, R. L. Martin, K. Morokuma, O. Farkas, 
 J. B. Foresman, and D. J. Fox, Gaussian, Inc., Wallingford CT, 2019.
 
 ******************************************
 Gaussian 16:  ES64L-G16RevC.01  3-Jul-2019
                 5-Jan-2023 
 ******************************************
 %chk=geometry.chk
 %nprocshared=1
 Will use up to    1 processors via shared memory.
 %mem=5GB
 -------------------------------------------------------------
 # WB97XD/6-311G nosymm iop(2/12=3,3/33=1) guess=only pop=full
 -------------------------------------------------------------
 1/38=1,172=1/1;
 2/12=3,15=1,17=6,18=5,40=1/2;
 3/5=4,6=6,11=2,25=1,30=1,33=1,74=-58,89=1/1,2;
 4//1;
 6/7=3,28=1/1;
 99/5=2/99;
 ------------
 MD Step 1000
 ------------
 Symbolic Z-matrix:
 Charge =  0 Multiplicity = 1
 C                    -0.2675   -0.08073  -0.03615 
 H                     0.05106  -1.12191  -0.16432 
 H                    -1.3717    0.15678  -0.25994 
 C                     0.72023   0.88822   0.02143 
 H                     0.32006   1.89888  -0.27238 
 H                     1.7921    0.54611  -0.21065 
 C                    -0.27004  -0.08547  -0.03439 
 H                     0.05808  -1.11773  -0.15572 
 H                    -1.36365   0.17589  -0.27978 
 C                     0.72186   0.89219   0.0218 
 H                     0.32332   1.90136  -0.26089 
 H                     1.78731   0.53627  -0.22657 
 
                          Input orientation:                          
 ---------------------------------------------------------------------
 Center     Atomic      Atomic             Coordinates (Angstroms)
 Number     Number       Type             X           Y           Z
 ---------------------------------------------------------------------
      1          6           0       -0.267497   -0.080726   -0.036148
      2          1           0        0.051064   -1.121914   -0.164316
      3          1           0       -1.371704    0.156782   -0.259936
      4          6           0        0.720230    0.888215    0.021428
      5          1           0        0.320062    1.898882   -0.272380
      6          1           0        1.792104    0.546109   -0.210648
      7          6           0       -0.270037   -0.085467   -0.034393
      8          1           0        0.058079   -1.117727   -0.155723
      9          1           0       -1.363653    0.175889   -0.279780
     10          6           0        0.721863    0.892189    0.021801
     11          1           0        0.323322    1.901356   -0.260889
     12          1           0        1.787313    0.536266   -0.226573
 ---------------------------------------------------------------------
                    Distance matrix (angstroms):
                    1          2          3          4          5
     1  C    0.000000
     2  H    1.096348   0.000000
     3  H    1.151418   1.915326   0.000000
     4  C    1.384834   2.126712   2.233908   0.000000
     5  H    2.078432   3.034674   2.428403   1.126013   0.000000
     6  H    2.159937   2.411569   3.188054   1.148831   2.000179
     7  C    0.005657   1.092799   1.150315   1.389892   2.083865
     8  H    1.093466   0.011856   1.918205   2.119818   3.030210
     9  H    1.151854   1.923292   0.028700   2.222769   2.409078
    10  C    1.388796   2.131014   2.236788   0.004313   1.123128
    11  H    2.080439   3.037040   2.432417   1.124141   0.012198
    12  H    2.153877   2.401665   3.181903   1.150669   2.002909
                    6          7          8          9         10
     6  H    0.000000
     7  C    2.163881   0.000000
     8  H    2.403791   1.089927   0.000000
     9  H    3.178152   1.150878   1.926176   0.000000
    10  C    1.148574   1.393856   2.124120   2.225627   0.000000
    11  H    1.999135   2.085867   3.032536   2.413188   1.121234
    12  H    0.019324   2.157817   2.393943   3.171954   1.150458
                   11         12
    11  H    0.000000
    12  H    2.001978   0.000000
 Symmetry turned off by external request.
 Stoichiometry    C4H8
 Framework group  C1[X(C4H8)]
 Deg. of freedom    30
 Full point group                 C1      NOp   1
 Rotational constants (GHZ):          62.5084410          14.3314963          11.8557156
 Standard basis: 6-311G (5D, 7F)
                         Coordinates in L301:                         
 ---------------------------------------------------------------------
 Center     Atomic      Atomic             Coordinates (Angstroms)
 Number     Number       Type             X           Y           Z
 ---------------------------------------------------------------------
      1          6           0       -0.267497   -0.080726   -0.036148
      2          1           0        0.051064   -1.121914   -0.164316
      3          1           0       -1.371704    0.156782   -0.259936
      4          6           0        0.720230    0.888215    0.021428
      5          1           0        0.320062    1.898882   -0.272380
      6          1           0        1.792104    0.546109   -0.210648
      7          6           0       -0.270037   -0.085467   -0.034393
      8          1           0        0.058079   -1.117727   -0.155723
      9          1           0       -1.363653    0.175889   -0.279780
     10          6           0        0.721863    0.892189    0.021801
     11          1           0        0.323322    1.901356   -0.260889
     12          1           0        1.787313    0.536266   -0.226573
 ---------------------------------------------------------------------
 FixB: optimizing general contractions.
 Ernie: Thresh=  0.10000D-02 Tol=  0.10000D-05 Strict=F.
 IA=     1 ShT= 0 ShC= 0 NL=   1 NS=   0.
 IA=     1 L=0 SC=0 ISt=    0 NBk=    0 NP=    0 IndPr=    0.
 IA=     1 ShT= 1 ShC= 0 NL=   3 NS=   2.
 IA=     1 L=1 SC=0 ISt=    0 NBk=    0 NP=    0 IndPr=    0.
 IA=     2 ShT= 0 ShC= 0 NL=   3 NS=   2.
 IA=     2 L=0 SC=0 ISt=    0 NBk=    0 NP=    0 IndPr=    0.
 IA=     3 ShT= 0 ShC= 0 NL=   3 NS=   2.
 IA=     3 L=0 SC=0 ISt=    0 NBk=    0 NP=    0 IndPr=    0.
 IA=     4 ShT= 0 ShC= 0 NL=   1 NS=   0.
 IA=     4 L=0 SC=0 ISt=    0 NBk=    0 NP=    0 IndPr=    0.
 IA=     4 ShT= 1 ShC= 0 NL=   3 NS=   2.
 IA=     4 L=1 SC=0 ISt=    0 NBk=    0 NP=    0 IndPr=    0.
 IA=     5 ShT= 0 ShC= 0 NL=   3 NS=   2.
 IA=     5 L=0 SC=0 ISt=    0 NBk=    0 NP=    0 IndPr=    0.
 IA=     6 ShT= 0 ShC= 0 NL=   3 NS=   2.
 IA=     6 L=0 SC=0 ISt=    0 NBk=    0 NP=    0 IndPr=    0.
 IA=     7 ShT= 0 ShC= 0 NL=   1 NS=   0.
 IA=     7 L=0 SC=0 ISt=    0 NBk=    0 NP=    0 IndPr=    0.
 IA=     7 ShT= 1 ShC= 0 NL=   3 NS=   2.
 IA=     7 L=1 SC=0 ISt=    0 NBk=    0 NP=    0 IndPr=    0.
 IA=     8 ShT= 0 ShC= 0 NL=   3 NS=   2.
 IA=     8 L=0 SC=0 ISt=    0 NBk=    0 NP=    0 IndPr=    0.
 IA=     9 ShT= 0 ShC= 0 NL=   3 NS=   2.
 IA=     9 L=0 SC=0 ISt=    0 NBk=    0 NP=    0 IndPr=    0.
 IA=    10 ShT= 0 ShC= 0 NL=   1 NS=   0.
 IA=    10 L=0 SC=0 ISt=    0 NBk=    0 NP=    0 IndPr=    0.
 IA=    10 ShT= 1 ShC= 0 NL=   3 NS=   2.
 IA=    10 L=1 SC=0 ISt=    0 NBk=    0 NP=    0 IndPr=    0.
 IA=    11 ShT= 0 ShC= 0 NL=   3 NS=   2.
 IA=    11 L=0 SC=0 ISt=    0 NBk=    0 NP=    0 IndPr=    0.
 IA=    12 ShT= 0 ShC= 0 NL=   3 NS=   2.
 IA=    12 L=0 SC=0 ISt=    0 NBk=    0 NP=    0 IndPr=    0.
 LdAtmC:  AtmChg=     6.000000     1.000000     1.000000     6.000000     1.000000
 LdAtmC:  AtmChg=     1.000000     6.000000     1.000000     1.000000     6.000000
 LdAtmC:  AtmChg=     1.000000     1.000000
 AtZEff=     -3.6000000     -1.0000000     -1.0000000     -3.6000000     -1.0000000
 AtZEff=     -1.0000000     -3.6000000     -1.0000000     -1.0000000     -3.6000000
 AtZEff=     -1.0000000     -1.0000000
    76 basis functions,   144 primitive gaussians,    76 cartesian basis functions
    16 alpha electrons       16 beta electrons
       nuclear repulsion energy      8047.4028084311 Hartrees.
 IS=     1 IAt=     1 ISR=     1 T=0 IP=      1 IndIP=      1 IndIPD=      0 C=  7.782018D-01  0.000000D+00                             NZ=T
 IS=     1 IAt=     1 ISR=     1 T=0 IP=      2 IndIP=      2 IndIPD=      1 C=  1.448695D+00  0.000000D+00                             NZ=T
 IS=     1 IAt=     1 ISR=     1 T=0 IP=      3 IndIP=      3 IndIPD=      2 C=  2.383089D+00  0.000000D+00                             NZ=T
 IS=     1 IAt=     1 ISR=     1 T=0 IP=      4 IndIP=      4 IndIPD=      3 C=  3.200089D+00  0.000000D+00                             NZ=T
 IS=     1 IAt=     1 ISR=     1 T=0 IP=      5 IndIP=      5 IndIPD=      4 C=  3.013004D+00  0.000000D+00                             NZ=T
 IS=     1 IAt=     1 ISR=     1 T=0 IP=      6 IndIP=      6 IndIPD=      5 C=  2.475986D-01  0.000000D+00                             NZ=T
 IS=     2 IAt=     1 ISR=     2 T=1 IP=      1 IndIP=      7 IndIPD=      0 C=  8.006285D-01  2.573592D+00                             NZ=T
 IS=     2 IAt=     1 ISR=     2 T=1 IP=      2 IndIP=      8 IndIPD=      1 C=  2.127420D+00  2.408248D+00                             NZ=T
 IS=     2 IAt=     1 ISR=     2 T=1 IP=      3 IndIP=      9 IndIPD=      2 C= -2.867911D-03  1.865281D+00                             NZ=T
 IS=     3 IAt=     1 ISR=     3 T=1 IP=      1 IndIP=     10 IndIPD=      0 C=  4.132166D-01  5.746273D-01                             NZ=T
 IS=     4 IAt=     1 ISR=     4 T=1 IP=      1 IndIP=     11 IndIPD=      0 C=  1.679761D-01  1.281846D-01                             NZ=T
 IS=     5 IAt=     2 ISR=     1 T=0 IP=      1 IndIP=     12 IndIPD=      0 C=  2.550693D-01  0.000000D+00                             NZ=T
 IS=     5 IAt=     2 ISR=     1 T=0 IP=      2 IndIP=     13 IndIPD=      1 C=  4.601087D-01  0.000000D+00                             NZ=T
 IS=     5 IAt=     2 ISR=     1 T=0 IP=      3 IndIP=     14 IndIPD=      2 C=  6.783214D-01  0.000000D+00                             NZ=T
 IS=     6 IAt=     2 ISR=     2 T=0 IP=      1 IndIP=     15 IndIPD=      0 C=  3.073714D-01  0.000000D+00                             NZ=T
 IS=     7 IAt=     2 ISR=     3 T=0 IP=      1 IndIP=     16 IndIPD=      0 C=  1.293356D-01  0.000000D+00                             NZ=T
 IS=     8 IAt=     3 ISR=     1 T=0 IP=      1 IndIP=     17 IndIPD=      0 C=  2.550693D-01  0.000000D+00                             NZ=T
 IS=     8 IAt=     3 ISR=     1 T=0 IP=      2 IndIP=     18 IndIPD=      1 C=  4.601087D-01  0.000000D+00                             NZ=T
 IS=     8 IAt=     3 ISR=     1 T=0 IP=      3 IndIP=     19 IndIPD=      2 C=  6.783214D-01  0.000000D+00                             NZ=T
 IS=     9 IAt=     3 ISR=     2 T=0 IP=      1 IndIP=     20 IndIPD=      0 C=  3.073714D-01  0.000000D+00                             NZ=T
 IS=    10 IAt=     3 ISR=     3 T=0 IP=      1 IndIP=     21 IndIPD=      0 C=  1.293356D-01  0.000000D+00                             NZ=T
 IS=    11 IAt=     4 ISR=     1 T=0 IP=      1 IndIP=     22 IndIPD=      0 C=  7.782018D-01  0.000000D+00                             NZ=T
 IS=    11 IAt=     4 ISR=     1 T=0 IP=      2 IndIP=     23 IndIPD=      1 C=  1.448695D+00  0.000000D+00                             NZ=T
 IS=    11 IAt=     4 ISR=     1 T=0 IP=      3 IndIP=     24 IndIPD=      2 C=  2.383089D+00  0.000000D+00                             NZ=T
 IS=    11 IAt=     4 ISR=     1 T=0 IP=      4 IndIP=     25 IndIPD=      3 C=  3.200089D+00  0.000000D+00                             NZ=T
 IS=    11 IAt=     4 ISR=     1 T=0 IP=      5 IndIP=     26 IndIPD=      4 C=  3.013004D+00  0.000000D+00                             NZ=T
 IS=    11 IAt=     4 ISR=     1 T=0 IP=      6 IndIP=     27 IndIPD=      5 C=  2.475986D-01  0.000000D+00                             NZ=T
 IS=    12 IAt=     4 ISR=     2 T=1 IP=      1 IndIP=     28 IndIPD=      0 C=  8.006285D-01  2.573592D+00                             NZ=T
 IS=    12 IAt=     4 ISR=     2 T=1 IP=      2 IndIP=     29 IndIPD=      1 C=  2.127420D+00  2.408248D+00                             NZ=T
 IS=    12 IAt=     4 ISR=     2 T=1 IP=      3 IndIP=     30 IndIPD=      2 C= -2.867911D-03  1.865281D+00                             NZ=T
 IS=    13 IAt=     4 ISR=     3 T=1 IP=      1 IndIP=     31 IndIPD=      0 C=  4.132166D-01  5.746273D-01                             NZ=T
 IS=    14 IAt=     4 ISR=     4 T=1 IP=      1 IndIP=     32 IndIPD=      0 C=  1.679761D-01  1.281846D-01                             NZ=T
 IS=    15 IAt=     5 ISR=     1 T=0 IP=      1 IndIP=     33 IndIPD=      0 C=  2.550693D-01  0.000000D+00                             NZ=T
 IS=    15 IAt=     5 ISR=     1 T=0 IP=      2 IndIP=     34 IndIPD=      1 C=  4.601087D-01  0.000000D+00                             NZ=T
 IS=    15 IAt=     5 ISR=     1 T=0 IP=      3 IndIP=     35 IndIPD=      2 C=  6.783214D-01  0.000000D+00                             NZ=T
 IS=    16 IAt=     5 ISR=     2 T=0 IP=      1 IndIP=     36 IndIPD=      0 C=  3.073714D-01  0.000000D+00                             NZ=T
 IS=    17 IAt=     5 ISR=     3 T=0 IP=      1 IndIP=     37 IndIPD=      0 C=  1.293356D-01  0.000000D+00                             NZ=T
 IS=    18 IAt=     6 ISR=     1 T=0 IP=      1 IndIP=     38 IndIPD=      0 C=  2.550693D-01  0.000000D+00                             NZ=T
 IS=    18 IAt=     6 ISR=     1 T=0 IP=      2 IndIP=     39 IndIPD=      1 C=  4.601087D-01  0.000000D+00                             NZ=T
 IS=    18 IAt=     6 ISR=     1 T=0 IP=      3 IndIP=     40 IndIPD=      2 C=  6.783214D-01  0.000000D+00                             NZ=T
 IS=    19 IAt=     6 ISR=     2 T=0 IP=      1 IndIP=     41 IndIPD=      0 C=  3.073714D-01  0.000000D+00                             NZ=T
 IS=    20 IAt=     6 ISR=     3 T=0 IP=      1 IndIP=     42 IndIPD=      0 C=  1.293356D-01  0.000000D+00                             NZ=T
 IS=    21 IAt=     7 ISR=     1 T=0 IP=      1 IndIP=     43 IndIPD=      0 C=  7.782018D-01  0.000000D+00                             NZ=T
 IS=    21 IAt=     7 ISR=     1 T=0 IP=      2 IndIP=     44 IndIPD=      1 C=  1.448695D+00  0.000000D+00                             NZ=T
 IS=    21 IAt=     7 ISR=     1 T=0 IP=      3 IndIP=     45 IndIPD=      2 C=  2.383089D+00  0.000000D+00                             NZ=T
 IS=    21 IAt=     7 ISR=     1 T=0 IP=      4 IndIP=     46 IndIPD=      3 C=  3.200089D+00  0.000000D+00                             NZ=T
 IS=    21 IAt=     7 ISR=     1 T=0 IP=      5 IndIP=     47 IndIPD=      4 C=  3.013004D+00  0.000000D+00                             NZ=T
 IS=    21 IAt=     7 ISR=     1 T=0 IP=      6 IndIP=     48 IndIPD=      5 C=  2.475986D-01  0.000000D+00                             NZ=T
 IS=    22 IAt=     7 ISR=     2 T=1 IP=      1 IndIP=     49 IndIPD=      0 C=  8.006285D-01  2.573592D+00                             NZ=T
 IS=    22 IAt=     7 ISR=     2 T=1 IP=      2 IndIP=     50 IndIPD=      1 C=  2.127420D+00  2.408248D+00                             NZ=T
 IS=    22 IAt=     7 ISR=     2 T=1 IP=      3 IndIP=     51 IndIPD=      2 C= -2.867911D-03  1.865281D+00                             NZ=T
 IS=    23 IAt=     7 ISR=     3 T=1 IP=      1 IndIP=     52 IndIPD=      0 C=  4.132166D-01  5.746273D-01                             NZ=T
 IS=    24 IAt=     7 ISR=     4 T=1 IP=      1 IndIP=     53 IndIPD=      0 C=  1.679761D-01  1.281846D-01                             NZ=T
 IS=    25 IAt=     8 ISR=     1 T=0 IP=      1 IndIP=     54 IndIPD=      0 C=  2.550693D-01  0.000000D+00                             NZ=T
 IS=    25 IAt=     8 ISR=     1 T=0 IP=      2 IndIP=     55 IndIPD=      1 C=  4.601087D-01  0.000000D+00                             NZ=T
 IS=    25 IAt=     8 ISR=     1 T=0 IP=      3 IndIP=     56 IndIPD=      2 C=  6.783214D-01  0.000000D+00                             NZ=T
 IS=    26 IAt=     8 ISR=     2 T=0 IP=      1 IndIP=     57 IndIPD=      0 C=  3.073714D-01  0.000000D+00                             NZ=T
 IS=    27 IAt=     8 ISR=     3 T=0 IP=      1 IndIP=     58 IndIPD=      0 C=  1.293356D-01  0.000000D+00                             NZ=T
 IS=    28 IAt=     9 ISR=     1 T=0 IP=      1 IndIP=     59 IndIPD=      0 C=  2.550693D-01  0.000000D+00                             NZ=T
 IS=    28 IAt=     9 ISR=     1 T=0 IP=      2 IndIP=     60 IndIPD=      1 C=  4.601087D-01  0.000000D+00                             NZ=T
 IS=    28 IAt=     9 ISR=     1 T=0 IP=      3 IndIP=     61 IndIPD=      2 C=  6.783214D-01  0.000000D+00                             NZ=T
 IS=    29 IAt=     9 ISR=     2 T=0 IP=      1 IndIP=     62 IndIPD=      0 C=  3.073714D-01  0.000000D+00                             NZ=T
 IS=    30 IAt=     9 ISR=     3 T=0 IP=      1 IndIP=     63 IndIPD=      0 C=  1.293356D-01  0.000000D+00                             NZ=T
 IS=    31 IAt=    10 ISR=     1 T=0 IP=      1 IndIP=     64 IndIPD=      0 C=  7.782018D-01  0.000000D+00                             NZ=T
 IS=    31 IAt=    10 ISR=     1 T=0 IP=      2 IndIP=     65 IndIPD=      1 C=  1.448695D+00  0.000000D+00                             NZ=T
 IS=    31 IAt=    10 ISR=     1 T=0 IP=      3 IndIP=     66 IndIPD=      2 C=  2.383089D+00  0.000000D+00                             NZ=T
 IS=    31 IAt=    10 ISR=     1 T=0 IP=      4 IndIP=     67 IndIPD=      3 C=  3.200089D+00  0.000000D+00                             NZ=T
 IS=    31 IAt=    10 ISR=     1 T=0 IP=      5 IndIP=     68 IndIPD=      4 C=  3.013004D+00  0.000000D+00                             NZ=T
 IS=    31 IAt=    10 ISR=     1 T=0 IP=      6 IndIP=     69 IndIPD=      5 C=  2.475986D-01  0.000000D+00                             NZ=T
 IS=    32 IAt=    10 ISR=     2 T=1 IP=      1 IndIP=     70 IndIPD=      0 C=  8.006285D-01  2.573592D+00                             NZ=T
 IS=    32 IAt=    10 ISR=     2 T=1 IP=      2 IndIP=     71 IndIPD=      1 C=  2.127420D+00  2.408248D+00                             NZ=T
 IS=    32 IAt=    10 ISR=     2 T=1 IP=      3 IndIP=     72 IndIPD=      2 C= -2.867911D-03  1.865281D+00                             NZ=T
 IS=    33 IAt=    10 ISR=     3 T=1 IP=      1 IndIP=     73 IndIPD=      0 C=  4.132166D-01  5.746273D-01                             NZ=T
 IS=    34 IAt=    10 ISR=     4 T=1 IP=      1 IndIP=     74 IndIPD=      0 C=  1.679761D-01  1.281846D-01                             NZ=T
 IS=    35 IAt=    11 ISR=     1 T=0 IP=      1 IndIP=     75 IndIPD=      0 C=  2.550693D-01  0.000000D+00                             NZ=T
 IS=    35 IAt=    11 ISR=     1 T=0 IP=      2 IndIP=     76 IndIPD=      1 C=  4.601087D-01  0.000000D+00                             NZ=T
 IS=    35 IAt=    11 ISR=     1 T=0 IP=      3 IndIP=     77 IndIPD=      2 C=  6.783214D-01  0.000000D+00                             NZ=T
 IS=    36 IAt=    11 ISR=     2 T=0 IP=      1 IndIP=     78 IndIPD=      0 C=  3.073714D-01  0.000000D+00                             NZ=T
 IS=    37 IAt=    11 ISR=     3 T=0 IP=      1 IndIP=     79 IndIPD=      0 C=  1.293356D-01  0.000000D+00                             NZ=T
 IS=    38 IAt=    12 ISR=     1 T=0 IP=      1 IndIP=     80 IndIPD=      0 C=  2.550693D-01  0.000000D+00                             NZ=T
 IS=    38 IAt=    12 ISR=     1 T=0 IP=      2 IndIP=     81 IndIPD=      1 C=  4.601087D-01  0.000000D+00                             NZ=T
 IS=    38 IAt=    12 ISR=     1 T=0 IP=      3 IndIP=     82 IndIPD=      2 C=  6.783214D-01  0.000000D+00                             NZ=T
 IS=    39 IAt=    12 ISR=     2 T=0 IP=      1 IndIP=     83 IndIPD=      0 C=  3.073714D-01  0.000000D+00                             NZ=T
 IS=    40 IAt=    12 ISR=     3 T=0 IP=      1 IndIP=     84 IndIPD=      0 C=  1.293356D-01  0.000000D+00                             NZ=T
 IExCor= 4639 DFT=T Ex+Corr=wB97XD ExCW=0 ScaHFX=  1.000000
 ScaDFX=  1.000000  1.000000  1.000000  1.000000 ScalE2=  1.000000  1.000000
 IRadAn=      5 IRanWt=     -1 IRanGd=            0 ICorTp=0 IEmpDi=121
 HFx  wShort=  0.000000 wLong=  0.200000 cFull=  0.222036 cShort=  0.000000 cLong=  0.777964
 DFx  wShort=  0.000000 wLong=  0.200000 cFull=  0.000000 cShort=  0.000000 cLong=  1.000000
 NAtoms=   12 NActive=   12 NUniq=   12 SFac= 1.00D+00 NAtFMM=   60 NAOKFM=F Big=F
 Integral buffers will be    131072 words long.
 Raffenetti 2 integral format.
 Two-electron integral symmetry is turned off.
 Nuclear repulsion after empirical dispersion term =     8047.3991145038 Hartrees.
 NPDir=0 NMtPBC=     1 NCelOv=     1 NCel=       1 NClECP=     1 NCelD=      1
         NCelK=      1 NCelE2=     1 NClLst=     1 CellRange=     0.0.
 One-electron integrals computed using PRISM.
 Entering OneElI...
 Calculate overlap and kinetic energy integrals
    NBasis =  76  MinDer = 0  MaxDer = 0
 Requested accuracy = 0.1000D-12
 PrmmSu-InSpLW:  IPartL=    0 NPrtUS=    1 NPrtUL=    1 DoSpLW=F IThBeg=    0 IThEnd=    0 NThAct=    1.
 PrSmSu:  IncTry=   512 NBBP=            820 NTPThr=   100 NPartT=    1 Incr=           8 LDynOK=F GPUOK=F.
 PrsmSu:  NPrtUS=   1 ThrOK=F IAlg=2 LenDen=           0 ISkipM=0 DoSpLW=F IThBeg=    0 IThEnd=    0.
 Prism:   IPart=     0 DynPar=F LinDyn=F Incr=           8.
 PRISM was handed   671017035 working-precision words and   820 shell-pairs
 IPart=  0 NShTot=         820 NBatch=          19 AvBLen=        43.2
 PrSmSu:  NxtVal=              9.
 *** Overlap *** 
                1             2             3             4             5 
      1  0.100000D+01
      2  0.878444D+00  0.100000D+01
      3  0.000000D+00  0.000000D+00  0.100000D+01
      4  0.000000D+00  0.000000D+00  0.000000D+00  0.100000D+01
      5  0.000000D+00  0.000000D+00  0.000000D+00  0.000000D+00  0.100000D+01
      6  0.329179D+00  0.418800D+00  0.000000D+00  0.000000D+00  0.000000D+00
      7  0.000000D+00  0.000000D+00  0.629120D+00  0.000000D+00  0.000000D+00
      8  0.000000D+00  0.000000D+00  0.000000D+00  0.629120D+00  0.000000D+00
      9  0.000000D+00  0.000000D+00  0.000000D+00  0.000000D+00  0.629120D+00
     10  0.153761D+00  0.187145D+00  0.000000D+00  0.000000D+00  0.000000D+00
     11  0.000000D+00  0.000000D+00  0.220230D+00  0.000000D+00  0.000000D+00
     12  0.000000D+00  0.000000D+00  0.000000D+00  0.220230D+00  0.000000D+00
     13  0.000000D+00  0.000000D+00  0.000000D+00  0.000000D+00  0.220230D+00
     14  0.112963D-01  0.101390D-01  0.300980D-01 -0.983726D-01 -0.121094D-01
     15  0.730308D-01  0.874588D-01  0.506463D-01 -0.165533D+00 -0.203767D-01
     16  0.788299D-01  0.946997D-01  0.193873D-01 -0.633657D-01 -0.780015D-02
     17  0.795943D-02  0.668311D-02 -0.774554D-01  0.166602D-01 -0.156978D-01
     18  0.641014D-01  0.763918D-01 -0.155853D+00  0.335230D-01 -0.315864D-01
     19  0.754417D-01  0.905772D-01 -0.644002D-01  0.138521D-01 -0.130519D-01
     20  0.961476D-04  0.172445D-04  0.187264D-02  0.183703D-02  0.109158D-03
     21  0.172445D-04 -0.193064D-05  0.920081D-03  0.902583D-03  0.536325D-04
     22 -0.187264D-02 -0.920081D-03 -0.191915D-01 -0.233571D-01 -0.138790D-02
     23 -0.183703D-02 -0.902583D-03 -0.233571D-01 -0.182944D-01 -0.136151D-02
     24 -0.109158D-03 -0.536325D-04 -0.138790D-02 -0.136151D-02  0.453753D-02
     25  0.185916D-01  0.204122D-01  0.651589D-01  0.639197D-01  0.379818D-02
     26 -0.412782D-01 -0.483508D-01 -0.784629D-01 -0.126222D+00 -0.750027D-02
     27 -0.404931D-01 -0.474313D-01 -0.126222D+00 -0.736153D-01 -0.735763D-02
     28 -0.240615D-02 -0.281842D-02 -0.750027D-02 -0.735763D-02  0.497693D-01
     29  0.593400D-01  0.710100D-01  0.630702D-01  0.618707D-01  0.367643D-02
     30 -0.806717D-01 -0.983079D-01  0.648529D-02 -0.805123D-01 -0.478413D-02
     31 -0.791375D-01 -0.964382D-01 -0.805123D-01  0.957740D-02 -0.469314D-02
     32 -0.470244D-02 -0.573047D-02 -0.478413D-02 -0.469314D-02  0.882796D-01
     33  0.323022D-05  0.000000D+00  0.385434D-04  0.129861D-03 -0.154966D-04
     34  0.280527D-02  0.289534D-02  0.468615D-02  0.157886D-01 -0.188410D-02
     35  0.260764D-01  0.308642D-01  0.122384D-01  0.412337D-01 -0.492052D-02
     36  0.134422D-05  0.000000D+00  0.608625D-04  0.185234D-04 -0.515659D-05
     37  0.196112D-02  0.198466D-02  0.117986D-01  0.359087D-02 -0.999636D-03
     38  0.230694D-01  0.272589D-01  0.380951D-01  0.115941D-01 -0.322761D-02
     39  0.998950D+00  0.878047D+00 -0.767795D-02 -0.143294D-01  0.530677D-02
     40  0.878047D+00  0.999688D+00 -0.845262D-02 -0.157751D-01  0.584220D-02
     41  0.767795D-02  0.845262D-02  0.999843D+00 -0.841542D-04  0.311658D-04
     42  0.143294D-01  0.157751D-01 -0.841542D-04  0.999731D+00  0.581648D-04
     43 -0.530677D-02 -0.584220D-02  0.311658D-04  0.581648D-04  0.999867D+00
     44  0.329163D+00  0.418778D+00 -0.209948D-02 -0.391826D-02  0.145110D-02
     45  0.193552D-02  0.255066D-02  0.629083D+00 -0.200552D-04  0.742730D-05
     46  0.361226D-02  0.476031D-02 -0.200552D-04  0.629056D+00  0.138616D-04
     47 -0.133777D-02 -0.176294D-02  0.742730D-05  0.138616D-04  0.629088D+00
     48  0.153759D+00  0.187142D+00 -0.403316D-03 -0.752710D-03  0.278760D-03
     49  0.538092D-03  0.666222D-03  0.220226D+00 -0.251946D-05  0.000000D+00
     50  0.100424D-02  0.124337D-02 -0.251946D-05  0.220222D+00  0.174138D-05
     51 -0.371913D-03 -0.460473D-03  0.000000D+00  0.174138D-05  0.220226D+00
     52  0.115014D-01  0.103568D-01  0.312333D-01 -0.994822D-01 -0.114711D-01
     53  0.735183D-01  0.880644D-01  0.520766D-01 -0.165871D+00 -0.191263D-01
     54  0.790067D-01  0.949150D-01  0.198573D-01 -0.632480D-01 -0.729302D-02
     55  0.793701D-02  0.666056D-02 -0.767058D-01  0.179572D-01 -0.170487D-01
     56  0.640337D-01  0.763080D-01 -0.154567D+00  0.361849D-01 -0.343542D-01
     57  0.754148D-01  0.905445D-01 -0.639086D-01  0.149613D-01 -0.142044D-01
     58  0.926910D-04  0.163207D-04  0.181418D-02  0.178402D-02  0.106260D-03
     59  0.163207D-04 -0.184943D-05  0.881330D-03  0.866681D-03  0.516215D-04
     60 -0.181418D-02 -0.881330D-03 -0.187141D-01 -0.228148D-01 -0.135890D-02
     61 -0.178402D-02 -0.866681D-03 -0.228148D-01 -0.179493D-01 -0.133631D-02
     62 -0.106260D-03 -0.516215D-04 -0.135890D-02 -0.133631D-02  0.440669D-02
     63  0.182924D-01  0.200619D-01  0.643314D-01  0.632621D-01  0.376804D-02
     64 -0.406743D-01 -0.475996D-01 -0.777538D-01 -0.125126D+00 -0.745279D-02
     65 -0.399983D-01 -0.468084D-01 -0.125126D+00 -0.735592D-01 -0.732891D-02
     66 -0.238239D-02 -0.278802D-02 -0.745279D-02 -0.732891D-02  0.490505D-01
     67  0.590173D-01  0.706168D-01  0.628456D-01  0.618010D-01  0.368101D-02
     68 -0.803652D-01 -0.979252D-01  0.618144D-02 -0.805545D-01 -0.479801D-02
     69 -0.790295D-01 -0.962976D-01 -0.805545D-01  0.888185D-02 -0.471826D-02
     70 -0.470718D-02 -0.573570D-02 -0.479801D-02 -0.471826D-02  0.878164D-01
     71  0.316249D-05  0.000000D+00  0.380175D-04  0.127542D-03 -0.144614D-04
     72  0.278109D-02  0.286905D-02  0.467462D-02  0.156824D-01 -0.177817D-02
     73  0.259994D-01  0.307717D-01  0.122710D-01  0.411669D-01 -0.466776D-02
     74  0.143640D-05  0.000000D+00  0.644981D-04  0.193667D-04 -0.597721D-05
     75  0.201494D-02  0.204221D-02  0.120696D-01  0.362411D-02 -0.111852D-02
     76  0.232843D-01  0.275164D-01  0.383497D-01  0.115152D-01 -0.355397D-02
                6             7             8             9            10 
      6  0.100000D+01
      7  0.000000D+00  0.100000D+01
      8  0.000000D+00  0.000000D+00  0.100000D+01
      9  0.000000D+00  0.000000D+00  0.000000D+00  0.100000D+01
     10  0.774697D+00  0.000000D+00  0.000000D+00  0.000000D+00  0.100000D+01
     11  0.000000D+00  0.653461D+00  0.000000D+00  0.000000D+00  0.000000D+00
     12  0.000000D+00  0.000000D+00  0.653461D+00  0.000000D+00  0.000000D+00
     13  0.000000D+00  0.000000D+00  0.000000D+00  0.653461D+00  0.000000D+00
     14  0.183951D+00  0.110848D+00 -0.362296D+00 -0.445977D-01  0.264644D+00
     15  0.421260D+00  0.141986D+00 -0.464070D+00 -0.571258D-01  0.576682D+00
     16  0.460892D+00  0.676238D-01 -0.221022D+00 -0.272073D-01  0.754872D+00
     17  0.157732D+00 -0.329193D+00  0.708075D-01 -0.667170D-01  0.249835D+00
     18  0.386529D+00 -0.451582D+00  0.971326D-01 -0.915214D-01  0.551593D+00
     19  0.443948D+00 -0.225782D+00  0.485645D-01 -0.457590D-01  0.735038D+00
     20  0.185916D-01  0.412782D-01  0.404931D-01  0.240615D-02  0.593400D-01
     21  0.204122D-01  0.483508D-01  0.474313D-01  0.281842D-02  0.710100D-01
     22 -0.651589D-01 -0.784629D-01 -0.126222D+00 -0.750027D-02 -0.630702D-01
     23 -0.639197D-01 -0.126222D+00 -0.736153D-01 -0.735763D-02 -0.618707D-01
     24 -0.379818D-02 -0.750027D-02 -0.735763D-02  0.497693D-01 -0.367643D-02
     25  0.191003D+00  0.247887D+00  0.243173D+00  0.144496D-01  0.360031D+00
     26 -0.247887D+00 -0.130710D+00 -0.315594D+00 -0.187530D-01 -0.216283D+00
     27 -0.243173D+00 -0.315594D+00 -0.118589D+00 -0.183963D-01 -0.212169D+00
     28 -0.144496D-01 -0.187530D-01 -0.183963D-01  0.189910D+00 -0.126073D-01
     29  0.360031D+00  0.216283D+00  0.212169D+00  0.126073D-01  0.607431D+00
     30 -0.394132D+00  0.669198D-01 -0.232265D+00 -0.138015D-01 -0.432604D+00
     31 -0.386637D+00 -0.232265D+00  0.758401D-01 -0.135390D-01 -0.424377D+00
     32 -0.229744D-01 -0.138015D-01 -0.135390D-01  0.302884D+00 -0.252169D-01
     33  0.393360D-02  0.431482D-02  0.145375D-01 -0.173480D-02  0.620854D-01
     34  0.482297D-01  0.299827D-01  0.101018D+00 -0.120547D-01  0.188087D+00
     35  0.179418D+00  0.485540D-01  0.163588D+00 -0.195214D-01  0.386022D+00
     36  0.257547D-02  0.989512D-02  0.301156D-02 -0.838367D-03  0.528759D-01
     37  0.379341D-01  0.826642D-01  0.251586D-01 -0.700374D-02  0.166130D+00
     38  0.161610D+00  0.153306D+00  0.466584D-01 -0.129889D-01  0.358378D+00
     39  0.329163D+00 -0.193552D-02 -0.361226D-02  0.133777D-02  0.153759D+00
     40  0.418778D+00 -0.255066D-02 -0.476031D-02  0.176294D-02  0.187142D+00
     41  0.209948D-02  0.629083D+00 -0.200552D-04  0.742730D-05  0.403316D-03
     42  0.391826D-02 -0.200552D-04  0.629056D+00  0.138616D-04  0.752710D-03
     43 -0.145110D-02  0.742730D-05  0.138616D-04  0.629088D+00 -0.278760D-03
     44  0.999972D+00 -0.333721D-02 -0.622824D-02  0.230658D-02  0.774687D+00
     45  0.333721D-02  0.999961D+00 -0.207855D-04  0.769776D-05  0.119671D-02
     46  0.622824D-02 -0.207855D-04  0.999934D+00  0.143663D-04  0.223343D-02
     47 -0.230658D-02  0.769776D-05  0.143663D-04  0.999967D+00 -0.827131D-03
     48  0.774687D+00 -0.119671D-02 -0.223343D-02  0.827131D-03  0.999992D+00
     49  0.218077D-02  0.653449D+00 -0.628717D-05  0.232840D-05  0.183135D-02
     50  0.406997D-02 -0.628717D-05  0.653441D+00  0.434550D-05  0.341786D-02
     51 -0.150728D-02  0.232840D-05  0.434550D-05  0.653451D+00 -0.126578D-02
     52  0.185399D+00  0.114186D+00 -0.363696D+00 -0.419372D-01  0.265422D+00
     53  0.423112D+00  0.145751D+00 -0.464236D+00 -0.535303D-01  0.577992D+00
     54  0.461773D+00  0.692449D-01 -0.220554D+00 -0.254317D-01  0.755897D+00
     55  0.157536D+00 -0.326384D+00  0.764081D-01 -0.725422D-01  0.249718D+00
     56  0.386259D+00 -0.447977D+00  0.104874D+00 -0.995676D-01  0.551394D+00
     57  0.443813D+00 -0.224068D+00  0.524555D-01 -0.498015D-01  0.734879D+00
     58  0.182924D-01  0.406743D-01  0.399983D-01  0.238239D-02  0.590173D-01
     59  0.200619D-01  0.475996D-01  0.468084D-01  0.278802D-02  0.706168D-01
     60 -0.643314D-01 -0.777538D-01 -0.125126D+00 -0.745279D-02 -0.628456D-01
     61 -0.632621D-01 -0.125126D+00 -0.735592D-01 -0.732891D-02 -0.618010D-01
     62 -0.376804D-02 -0.745279D-02 -0.732891D-02  0.490505D-01 -0.368101D-02
     63  0.189200D+00  0.245953D+00  0.241865D+00  0.144060D-01  0.358454D+00
     64 -0.245953D+00 -0.130530D+00 -0.314416D+00 -0.187273D-01 -0.215691D+00
     65 -0.241865D+00 -0.314416D+00 -0.119990D+00 -0.184161D-01 -0.212106D+00
     66 -0.144060D-01 -0.187273D-01 -0.184161D-01  0.188103D+00 -0.126335D-01
     67  0.358454D+00  0.215691D+00  0.212106D+00  0.126335D-01  0.605698D+00
     68 -0.393054D+00  0.658464D-01 -0.232580D+00 -0.138530D-01 -0.432083D+00
     69 -0.386521D+00 -0.232580D+00  0.736432D-01 -0.136228D-01 -0.424902D+00
     70 -0.230221D-01 -0.138530D-01 -0.136228D-01  0.301546D+00 -0.253081D-01
     71  0.389354D-02  0.429449D-02  0.144072D-01 -0.163357D-02  0.618450D-01
     72  0.479507D-01  0.299746D-01  0.100559D+00 -0.114020D-01  0.187523D+00
     73  0.178965D+00  0.487002D-01  0.163380D+00 -0.185250D-01  0.385330D+00
     74  0.265933D-02  0.101941D-01  0.306097D-02 -0.944718D-03  0.535223D-01
     75  0.386298D-01  0.839844D-01  0.252178D-01 -0.778306D-02  0.167698D+00
     76  0.162894D+00  0.154164D+00  0.462906D-01 -0.142868D-01  0.360399D+00
               11            12            13            14            15 
     11  0.100000D+01
     12  0.000000D+00  0.100000D+01
     13  0.000000D+00  0.000000D+00  0.100000D+01
     14  0.108789D+00 -0.355568D+00 -0.437695D-01  0.100000D+01
     15  0.183108D+00 -0.598473D+00 -0.736705D-01  0.706377D+00  0.100000D+01
     16  0.143475D+00 -0.468933D+00 -0.577245D-01  0.373664D+00  0.788963D+00
     17 -0.355975D+00  0.765681D-01 -0.721449D-01  0.367915D-03  0.240924D-01
     18 -0.607083D+00  0.130580D+00 -0.123037D+00  0.240924D-01  0.118326D+00
     19 -0.484249D+00  0.104159D+00 -0.981420D-01  0.107856D+00  0.283562D+00
     20  0.806717D-01  0.791375D-01  0.470244D-02  0.192936D-05  0.227286D-02
     21  0.983079D-01  0.964382D-01  0.573047D-02  0.000000D+00  0.231905D-02
     22  0.648529D-02 -0.805123D-01 -0.478413D-02 -0.274712D-04 -0.439368D-02
     23 -0.805123D-01  0.957740D-02 -0.469314D-02 -0.825218D-04 -0.131983D-01
     24 -0.478413D-02 -0.469314D-02  0.882796D-01 -0.762531D-05 -0.121957D-02
     25  0.394132D+00  0.386637D+00  0.229744D-01  0.306672D-02  0.418819D-01
     26  0.669198D-01 -0.232265D+00 -0.138015D-01 -0.382934D-02 -0.296527D-01
     27 -0.232265D+00  0.758401D-01 -0.135390D-01 -0.115031D-01 -0.890747D-01
     28 -0.138015D-01 -0.135390D-01  0.302884D+00 -0.106293D-02 -0.823082D-02
     29  0.432604D+00  0.424377D+00  0.252169D-01  0.564946D-01  0.174854D+00
     30  0.299336D+00 -0.302235D+00 -0.179592D-01 -0.487388D-01 -0.116624D+00
     31 -0.302235D+00  0.310943D+00 -0.176176D-01 -0.146408D+00 -0.350330D+00
     32 -0.179592D-01 -0.176176D-01  0.606384D+00 -0.135286D-01 -0.323718D-01
     33  0.470325D-01  0.158462D+00 -0.189097D-01  0.000000D+00  0.152303D-03
     34  0.110151D+00  0.371122D+00 -0.442869D-01  0.152303D-03  0.471069D-02
     35  0.135323D+00  0.455932D+00 -0.544075D-01  0.165262D-01  0.604538D-01
     36  0.140397D+00  0.427296D-01 -0.118952D-01  0.431788D-05  0.337273D-02
     37  0.341043D+00  0.103796D+00 -0.288950D-01  0.337273D-02  0.339271D-01
     38  0.440386D+00  0.134030D+00 -0.373118D-01  0.521298D-01  0.155787D+00
     39 -0.538092D-03 -0.100424D-02  0.371913D-03  0.115493D-01  0.736314D-01
     40 -0.666222D-03 -0.124337D-02  0.460473D-03  0.104078D-01  0.882048D-01
     41  0.220226D+00 -0.251946D-05  0.000000D+00  0.309128D-01  0.514330D-01
     42 -0.251946D-05  0.220222D+00  0.174138D-05 -0.997799D-01 -0.166015D+00
     43  0.000000D+00  0.174138D-05  0.220226D+00 -0.125078D-01 -0.208107D-01
     44 -0.218077D-02 -0.406997D-02  0.150728D-02  0.185736D+00  0.423541D+00
     45  0.653449D+00 -0.628717D-05  0.232840D-05  0.112822D+00  0.143894D+00
     46 -0.628717D-05  0.653441D+00  0.434550D-05 -0.364165D+00 -0.464459D+00
     47  0.232840D-05  0.434550D-05  0.653451D+00 -0.456496D-01 -0.582219D-01
     48 -0.183135D-02 -0.341786D-02  0.126578D-02  0.265602D+00  0.578295D+00
     49  0.999988D+00 -0.625935D-05  0.231810D-05  0.110054D+00  0.185084D+00
     50 -0.625935D-05  0.999980D+00  0.432628D-05 -0.355232D+00 -0.597414D+00
     51  0.231810D-05  0.432628D-05  0.999990D+00 -0.445298D-01 -0.748883D-01
     52  0.111512D+00 -0.355180D+00 -0.409553D-01  0.999615D+00  0.706285D+00
     53  0.187565D+00 -0.597419D+00 -0.688875D-01  0.706285D+00  0.999918D+00
     54  0.146833D+00 -0.467682D+00 -0.539276D-01  0.373646D+00  0.788932D+00
     55 -0.353215D+00  0.826893D-01 -0.785057D-01  0.345324D-03  0.234261D-01
     56 -0.602440D+00  0.141034D+00 -0.133899D+00  0.234261D-01  0.116240D+00
     57 -0.480615D+00  0.112514D+00 -0.106822D+00  0.106745D+00  0.281153D+00
     58  0.803652D-01  0.790295D-01  0.470718D-02  0.184172D-05  0.223012D-02
