 Entering Gaussian System, Link 0=g16
 Initial command:
 /software/gaussian/g16-c01/avx2/g16/l1.exe "/gpfs/fs2/scratch/bweight/software/many_molecule_many_mode_NAMD/src/NAMD/EXAMPLE_4_BOMD_S1_HF/G16/DIMER/Gau-21969.inp" -scrdir="/gpfs/fs2/scratch/bweight/software/many_molecule_many_mode_NAMD/src/NAMD/EXAMPLE_4_BOMD_S1_HF/G16/DIMER/"
 Entering Link 1 = /software/gaussian/g16-c01/avx2/g16/l1.exe PID=     21970.
  
 Copyright (c) 1988-2019, Gaussian, Inc.  All Rights Reserved.
  
 This is part of the Gaussian(R) 16 program.  It is based on
 the Gaussian(R) 09 system (copyright 2009, Gaussian, Inc.),
 the Gaussian(R) 03 system (copyright 2003, Gaussian, Inc.),
 the Gaussian(R) 98 system (copyright 1998, Gaussian, Inc.),
 the Gaussian(R) 94 system (copyright 1995, Gaussian, Inc.),
 the Gaussian 92(TM) system (copyright 1992, Gaussian, Inc.),
 the Gaussian 90(TM) system (copyright 1990, Gaussian, Inc.),
 the Gaussian 88(TM) system (copyright 1988, Gaussian, Inc.),
 the Gaussian 86(TM) system (copyright 1986, Carnegie Mellon
 University), and the Gaussian 82(TM) system (copyright 1983,
 Carnegie Mellon University). Gaussian is a federally registered
 trademark of Gaussian, Inc.
  
 This software contains proprietary and confidential information,
 including trade secrets, belonging to Gaussian, Inc.
  
 This software is provided under written license and may be
 used, copied, transmitted, or stored only in accord with that
 written license.
  
 The following legend is applicable only to US Government
 contracts under FAR:
  
                    RESTRICTED RIGHTS LEGEND
  
 Use, reproduction and disclosure by the US Government is
 subject to restrictions as set forth in subparagraphs (a)
 and (c) of the Commercial Computer Software - Restricted
 Rights clause in FAR 52.227-19.
  
 Gaussian, Inc.
 340 Quinnipiac St., Bldg. 40, Wallingford CT 06492
  
  
 ---------------------------------------------------------------
 Warning -- This program may not be used in any manner that
 competes with the business of Gaussian, Inc. or will provide
 assistance to any competitor of Gaussian, Inc.  The licensee
 of this program is prohibited from giving any competitor of
 Gaussian, Inc. access to this program.  By using this program,
 the user acknowledges that Gaussian, Inc. is engaged in the
 business of creating and licensing software in the field of
 computational chemistry and represents and warrants to the
 licensee that it is not a competitor of Gaussian, Inc. and that
 it will not use this program in any manner prohibited above.
 ---------------------------------------------------------------
  

 Cite this work as:
 Gaussian 16, Revision C.01,
 M. J. Frisch, G. W. Trucks, H. B. Schlegel, G. E. Scuseria, 
 M. A. Robb, J. R. Cheeseman, G. Scalmani, V. Barone, 
 G. A. Petersson, H. Nakatsuji, X. Li, M. Caricato, A. V. Marenich, 
 J. Bloino, B. G. Janesko, R. Gomperts, B. Mennucci, H. P. Hratchian, 
 J. V. Ortiz, A. F. Izmaylov, J. L. Sonnenberg, D. Williams-Young, 
 F. Ding, F. Lipparini, F. Egidi, J. Goings, B. Peng, A. Petrone, 
 T. Henderson, D. Ranasinghe, V. G. Zakrzewski, J. Gao, N. Rega, 
 G. Zheng, W. Liang, M. Hada, M. Ehara, K. Toyota, R. Fukuda, 
 J. Hasegawa, M. Ishida, T. Nakajima, Y. Honda, O. Kitao, H. Nakai, 
 T. Vreven, K. Throssell, J. A. Montgomery, Jr., J. E. Peralta, 
 F. Ogliaro, M. J. Bearpark, J. J. Heyd, E. N. Brothers, K. N. Kudin, 
 V. N. Staroverov, T. A. Keith, R. Kobayashi, J. Normand, 
 K. Raghavachari, A. P. Rendell, J. C. Burant, S. S. Iyengar, 
 J. Tomasi, M. Cossi, J. M. Millam, M. Klene, C. Adamo, R. Cammi, 
 J. W. Ochterski, R. L. Martin, K. Morokuma, O. Farkas, 
 J. B. Foresman, and D. J. Fox, Gaussian, Inc., Wallingford CT, 2019.
 
 ******************************************
 Gaussian 16:  ES64L-G16RevC.01  3-Jul-2019
                29-Dec-2022 
 ******************************************
 %chk=geometry.chk
 %nprocshared=1
 Will use up to    1 processors via shared memory.
 %mem=10GB
 -----------------------------------------------------------
 # BLYP/3-21G* nosymm iop(2/12=3,3/33=1) guess=only pop=full
 -----------------------------------------------------------
 1/38=1,172=1/1;
 2/12=3,15=1,17=6,18=5,40=1/2;
 3/5=5,7=1,11=2,25=1,30=1,33=1,74=402,89=1/1,2;
 4//1;
 6/7=3,28=1/1;
 99/5=2/99;
 ------------
 MD Step 1000
 ------------
 Symbolic Z-matrix:
 Charge =  0 Multiplicity = 1
 Li                    2.21338   2.21008   1.69066 
 F                     0.66499   0.66612   3.8559 
 Li                    2.21055   2.20729   1.69948 
 F                     0.6675    0.66862   3.85416 
 
                          Input orientation:                          
 ---------------------------------------------------------------------
 Center     Atomic      Atomic             Coordinates (Angstroms)
 Number     Number       Type             X           Y           Z
 ---------------------------------------------------------------------
      1          3           0        2.213375    2.210083    1.690662
      2          9           0        0.664993    0.666123    3.855904
      3          3           0        2.210548    2.207291    1.699475
      4          9           0        0.667501    0.668618    3.854159
 ---------------------------------------------------------------------
                    Distance matrix (angstroms):
                    1          2          3          4
     1  Li   0.000000
     2  F    3.077267   0.000000
     3  Li   0.009668   3.068244   0.000000
     4  F    3.073525   0.003945   3.064501   0.000000
 Symmetry turned off by external request.
 This structure is nearly, but not quite of a higher symmetry.
 Consider Symm=Loose if the higher symmetry is desired.
 Stoichiometry    F2Li2
 Framework group  C1[X(F2Li2)]
 Deg. of freedom     6
 Full point group                 C1      NOp   1
 Rotational constants (GHZ):     8860280.8838452           5.2295650           5.2295619
 Standard basis: 3-21G* (6D, 7F)
                         Coordinates in L301:                         
 ---------------------------------------------------------------------
 Center     Atomic      Atomic             Coordinates (Angstroms)
 Number     Number       Type             X           Y           Z
 ---------------------------------------------------------------------
      1          3           0        2.213375    2.210083    1.690662
      2          9           0        0.664993    0.666123    3.855904
      3          3           0        2.210548    2.207291    1.699475
      4          9           0        0.667501    0.668618    3.854159
 ---------------------------------------------------------------------
 FixB: optimizing general contractions.
 Ernie: Thresh=  0.10000D-02 Tol=  0.10000D-05 Strict=F.
 IA=     1 ShT= 0 ShC= 0 NL=   1 NS=   0.
 IA=     1 L=0 SC=0 ISt=    0 NBk=    0 NP=    0 IndPr=    0.
 IA=     1 ShT= 1 ShC= 0 NL=   2 NS=   1.
 IA=     1 L=1 SC=0 ISt=    0 NBk=    0 NP=    0 IndPr=    0.
 IA=     2 ShT= 0 ShC= 0 NL=   1 NS=   0.
 IA=     2 L=0 SC=0 ISt=    0 NBk=    0 NP=    0 IndPr=    0.
 IA=     2 ShT= 1 ShC= 0 NL=   2 NS=   1.
 IA=     2 L=1 SC=0 ISt=    0 NBk=    0 NP=    0 IndPr=    0.
 IA=     3 ShT= 0 ShC= 0 NL=   1 NS=   0.
 IA=     3 L=0 SC=0 ISt=    0 NBk=    0 NP=    0 IndPr=    0.
 IA=     3 ShT= 1 ShC= 0 NL=   2 NS=   1.
 IA=     3 L=1 SC=0 ISt=    0 NBk=    0 NP=    0 IndPr=    0.
 IA=     4 ShT= 0 ShC= 0 NL=   1 NS=   0.
 IA=     4 L=0 SC=0 ISt=    0 NBk=    0 NP=    0 IndPr=    0.
 IA=     4 ShT= 1 ShC= 0 NL=   2 NS=   1.
 IA=     4 L=1 SC=0 ISt=    0 NBk=    0 NP=    0 IndPr=    0.
 LdAtmC:  AtmChg=     3.000000     9.000000     3.000000     9.000000
 AtZEff=     -1.3500000     -6.7500000     -1.3500000     -6.7500000
    36 basis functions,    60 primitive gaussians,    36 cartesian basis functions
    12 alpha electrons       12 beta electrons
       nuclear repulsion energy     11377.5285166895 Hartrees.
 IS=     1 IAt=     1 ISR=     1 T=0 IP=      1 IndIP=      1 IndIPD=      0 C=  7.424571D-01  0.000000D+00                             NZ=T
 IS=     1 IAt=     1 ISR=     1 T=0 IP=      2 IndIP=      2 IndIPD=      1 C=  9.736824D-01  0.000000D+00                             NZ=T
 IS=     1 IAt=     1 ISR=     1 T=0 IP=      3 IndIP=      3 IndIPD=      2 C=  5.265692D-01  0.000000D+00                             NZ=T
 IS=     2 IAt=     1 ISR=     2 T=1 IP=      1 IndIP=      4 IndIPD=      0 C= -1.181663D-01  1.066435D-01                             NZ=T
 IS=     2 IAt=     1 ISR=     2 T=1 IP=      2 IndIP=      5 IndIPD=      1 C=  1.473557D-01  7.547122D-02                             NZ=T
 IS=     3 IAt=     1 ISR=     3 T=1 IP=      1 IndIP=      6 IndIPD=      0 C=  4.951993D-02  1.673876D-02                             NZ=T
 IS=     4 IAt=     2 ISR=     1 T=0 IP=      1 IndIP=      7 IndIPD=      0 C=  3.828407D+00  0.000000D+00                             NZ=T
 IS=     4 IAt=     2 ISR=     1 T=0 IP=      2 IndIP=      8 IndIPD=      1 C=  5.516897D+00  0.000000D+00                             NZ=T
 IS=     4 IAt=     2 ISR=     1 T=0 IP=      3 IndIP=      9 IndIPD=      2 C=  3.548929D+00  0.000000D+00                             NZ=T
 IS=     5 IAt=     2 ISR=     2 T=1 IP=      1 IndIP=     10 IndIPD=      0 C= -1.605190D+00  6.079443D+00                             NZ=T
 IS=     5 IAt=     2 ISR=     2 T=1 IP=      2 IndIP=     11 IndIPD=      1 C=  1.513205D+00  3.046004D+00                             NZ=T
 IS=     6 IAt=     2 ISR=     3 T=1 IP=      1 IndIP=     12 IndIPD=      0 C=  4.125286D-01  5.730336D-01                             NZ=T
 IS=     7 IAt=     3 ISR=     1 T=0 IP=      1 IndIP=     13 IndIPD=      0 C=  7.424571D-01  0.000000D+00                             NZ=T
 IS=     7 IAt=     3 ISR=     1 T=0 IP=      2 IndIP=     14 IndIPD=      1 C=  9.736824D-01  0.000000D+00                             NZ=T
 IS=     7 IAt=     3 ISR=     1 T=0 IP=      3 IndIP=     15 IndIPD=      2 C=  5.265692D-01  0.000000D+00                             NZ=T
 IS=     8 IAt=     3 ISR=     2 T=1 IP=      1 IndIP=     16 IndIPD=      0 C= -1.181663D-01  1.066435D-01                             NZ=T
 IS=     8 IAt=     3 ISR=     2 T=1 IP=      2 IndIP=     17 IndIPD=      1 C=  1.473557D-01  7.547122D-02                             NZ=T
 IS=     9 IAt=     3 ISR=     3 T=1 IP=      1 IndIP=     18 IndIPD=      0 C=  4.951993D-02  1.673876D-02                             NZ=T
 IS=    10 IAt=     4 ISR=     1 T=0 IP=      1 IndIP=     19 IndIPD=      0 C=  3.828407D+00  0.000000D+00                             NZ=T
 IS=    10 IAt=     4 ISR=     1 T=0 IP=      2 IndIP=     20 IndIPD=      1 C=  5.516897D+00  0.000000D+00                             NZ=T
 IS=    10 IAt=     4 ISR=     1 T=0 IP=      3 IndIP=     21 IndIPD=      2 C=  3.548929D+00  0.000000D+00                             NZ=T
 IS=    11 IAt=     4 ISR=     2 T=1 IP=      1 IndIP=     22 IndIPD=      0 C= -1.605190D+00  6.079443D+00                             NZ=T
 IS=    11 IAt=     4 ISR=     2 T=1 IP=      2 IndIP=     23 IndIPD=      1 C=  1.513205D+00  3.046004D+00                             NZ=T
 IS=    12 IAt=     4 ISR=     3 T=1 IP=      1 IndIP=     24 IndIPD=      0 C=  4.125286D-01  5.730336D-01                             NZ=T
 IExCor=  402 DFT=T Ex=B Corr=LYP ExCW=0 ScaHFX=  0.000000
 ScaDFX=  1.000000  1.000000  1.000000  1.000000 ScalE2=  1.000000  1.000000
 IRadAn=      5 IRanWt=     -1 IRanGd=            0 ICorTp=0 IEmpDi=  4
 NAtoms=    4 NActive=    4 NUniq=    4 SFac= 1.00D+00 NAtFMM=   60 NAOKFM=F Big=F
 Integral buffers will be    131072 words long.
 Raffenetti 2 integral format.
 Two-electron integral symmetry is turned off.
 NPDir=0 NMtPBC=     1 NCelOv=     1 NCel=       1 NClECP=     1 NCelD=      1
         NCelK=      1 NCelE2=     1 NClLst=     1 CellRange=     0.0.
 One-electron integrals computed using PRISM.
 Entering OneElI...
 Calculate overlap and kinetic energy integrals
    NBasis =  36  MinDer = 0  MaxDer = 0
 Requested accuracy = 0.1000D-12
 PrmmSu-InSpLW:  IPartL=    0 NPrtUS=    1 NPrtUL=    1 DoSpLW=F IThBeg=    0 IThEnd=    0 NThAct=    1.
 PrSmSu:  IncTry=   512 NBBP=             78 NTPThr=   100 NPartT=    1 Incr=           1 LDynOK=F GPUOK=F.
 PrsmSu:  NPrtUS=   1 ThrOK=F IAlg=2 LenDen=           0 ISkipM=0 DoSpLW=F IThBeg=    0 IThEnd=    0.
 Prism:   IPart=     0 DynPar=F LinDyn=F Incr=           1.
 PRISM was handed  1342167967 working-precision words and    78 shell-pairs
 IPart=  0 NShTot=          78 NBatch=           7 AvBLen=        11.1
 PrSmSu:  NxtVal=              2.
 *** Overlap *** 
                1             2             3             4             5 
      1  0.100000D+01
      2  0.177215D+00  0.100000D+01
      3  0.000000D+00  0.000000D+00  0.100000D+01
      4  0.000000D+00  0.000000D+00  0.000000D+00  0.100000D+01
      5  0.000000D+00  0.000000D+00  0.000000D+00  0.000000D+00  0.100000D+01
      6  0.140674D+00  0.782781D+00  0.000000D+00  0.000000D+00  0.000000D+00
      7  0.000000D+00  0.000000D+00  0.588593D+00  0.000000D+00  0.000000D+00
      8  0.000000D+00  0.000000D+00  0.000000D+00  0.588593D+00  0.000000D+00
      9  0.000000D+00  0.000000D+00  0.000000D+00  0.000000D+00  0.588593D+00
     10  0.000000D+00  0.219335D-02 -0.326488D-02 -0.325556D-02  0.456558D-02
     11  0.000000D+00  0.128130D-01 -0.182295D-01 -0.181774D-01  0.254920D-01
     12  0.000000D+00  0.406595D-02 -0.233755D-02 -0.580115D-02  0.813550D-02
     13  0.000000D+00  0.405434D-02 -0.580115D-02 -0.230437D-02  0.811227D-02
     14  0.000000D+00 -0.568579D-02  0.813550D-02  0.811227D-02 -0.789640D-02
     15  0.689510D-05  0.436170D-01 -0.540506D-01 -0.538962D-01  0.755838D-01
     16  0.195961D-04  0.309385D-01 -0.119121D-01 -0.383988D-01  0.538503D-01
     17  0.195401D-04  0.308502D-01 -0.383988D-01 -0.116925D-01  0.536965D-01
     18 -0.274030D-04 -0.432641D-01  0.538503D-01  0.536965D-01 -0.487071D-01
     19  0.999594D+00  0.177230D+00 -0.170727D-02 -0.168614D-02  0.532255D-02
     20  0.177230D+00  0.999982D+00 -0.133293D-02 -0.131643D-02  0.415551D-02
     21  0.170727D-02  0.133293D-02  0.999976D+00 -0.347044D-05  0.109550D-04
     22  0.168614D-02  0.131643D-02 -0.347044D-05  0.999976D+00  0.108194D-04
     23 -0.532255D-02 -0.415551D-02  0.109550D-04  0.108194D-04  0.999945D+00
     24  0.140672D+00  0.782775D+00 -0.531437D-03 -0.524859D-03  0.165680D-02
     25  0.248455D-03  0.108183D-02  0.588588D+00  0.000000D+00  0.235598D-05
     26  0.245380D-03  0.106844D-02  0.000000D+00  0.588588D+00  0.232682D-05
     27 -0.774578D-03 -0.337268D-02  0.235598D-05  0.232682D-05  0.588582D+00
     28  0.000000D+00  0.221173D-02 -0.328692D-02 -0.327754D-02  0.460014D-02
     29  0.000000D+00  0.129156D-01 -0.183457D-01 -0.182934D-01  0.256754D-01
     30  0.000000D+00  0.409206D-02 -0.233741D-02 -0.582898D-02  0.818116D-02
     31  0.000000D+00  0.408039D-02 -0.582898D-02 -0.230411D-02  0.815783D-02
     32  0.000000D+00 -0.572696D-02  0.818116D-02  0.815783D-02 -0.794154D-02
     33  0.708890D-05  0.439198D-01 -0.543393D-01 -0.541843D-01  0.760495D-01
     34  0.201146D-04  0.311019D-01 -0.118709D-01 -0.385427D-01  0.540960D-01
     35  0.200573D-04  0.310132D-01 -0.385427D-01 -0.116507D-01  0.539417D-01
     36 -0.281511D-04 -0.435280D-01  0.540960D-01  0.539417D-01 -0.489269D-01
                6             7             8             9            10 
      6  0.100000D+01
      7  0.000000D+00  0.100000D+01
      8  0.000000D+00  0.000000D+00  0.100000D+01
      9  0.000000D+00  0.000000D+00  0.000000D+00  0.100000D+01
     10  0.878255D-02 -0.867002D-02 -0.864526D-02  0.121241D-01  0.100000D+01
     11  0.468196D-01 -0.456240D-01 -0.454937D-01  0.638001D-01  0.214714D+00
     12  0.434014D-02  0.453983D-02 -0.422442D-02  0.592430D-02  0.000000D+00
     13  0.432775D-02 -0.422442D-02  0.456400D-02  0.590738D-02  0.000000D+00
     14 -0.606921D-02  0.592430D-02  0.590738D-02  0.491859D-03  0.000000D+00
     15  0.125124D+00 -0.116836D+00 -0.116502D+00  0.163382D+00  0.183583D+00
     16  0.284311D-01  0.309436D-01 -0.264720D-01  0.371243D-01  0.000000D+00
     17  0.283499D-01 -0.264720D-01  0.310950D-01  0.370182D-01  0.000000D+00
     18 -0.397578D-01  0.371243D-01  0.370182D-01  0.557724D-02  0.000000D+00
     19  0.140672D+00 -0.248455D-03 -0.245380D-03  0.774578D-03  0.000000D+00
     20  0.782775D+00 -0.108183D-02 -0.106844D-02  0.337268D-02  0.223791D-02
     21  0.531437D-03  0.588588D+00  0.000000D+00  0.235598D-05 -0.332513D-02
     22  0.524859D-03  0.000000D+00  0.588588D+00  0.232682D-05 -0.331569D-02
     23 -0.165680D-02  0.235598D-05  0.232682D-05  0.588582D+00  0.463937D-02
     24  0.999995D+00 -0.902895D-03 -0.891720D-03  0.281485D-02  0.883227D-02
     25  0.902895D-03  0.999994D+00  0.000000D+00  0.254153D-05 -0.870319D-02
     26  0.891720D-03  0.000000D+00  0.999994D+00  0.251007D-05 -0.867849D-02
     27 -0.281485D-02  0.254153D-05  0.251007D-05  0.999987D+00  0.121431D-01
     28  0.880315D-02 -0.867629D-02 -0.865154D-02  0.121427D-01  0.999278D+00
     29  0.469280D-01 -0.456555D-01 -0.455253D-01  0.638963D-01  0.214783D+00
     30  0.434316D-02  0.456411D-02 -0.422053D-02  0.592365D-02 -0.917146D-02
     31  0.433078D-02 -0.422053D-02  0.458822D-02  0.590675D-02 -0.912439D-02
     32 -0.607839D-02  0.592365D-02  0.590675D-02  0.506377D-03  0.638099D-02
     33  0.125402D+00 -0.116905D+00 -0.116572D+00  0.163613D+00  0.183579D+00
     34  0.284480D-01  0.310984D-01 -0.264450D-01  0.371164D-01 -0.117142D-02
     35  0.283669D-01 -0.264450D-01  0.312495D-01  0.370106D-01 -0.116541D-02
     36 -0.398139D-01  0.371164D-01  0.370106D-01  0.567344D-02  0.815013D-03
               11            12            13            14            15 
     11  0.100000D+01
     12  0.000000D+00  0.100000D+01
     13  0.000000D+00  0.000000D+00  0.100000D+01
     14  0.000000D+00  0.000000D+00  0.000000D+00  0.100000D+01
     15  0.732193D+00  0.000000D+00  0.000000D+00  0.000000D+00  0.100000D+01
     16  0.000000D+00  0.488370D+00  0.000000D+00  0.000000D+00  0.000000D+00
     17  0.000000D+00  0.000000D+00  0.488370D+00  0.000000D+00  0.000000D+00
     18  0.000000D+00  0.000000D+00  0.000000D+00  0.488370D+00  0.000000D+00
     19  0.000000D+00  0.000000D+00  0.000000D+00  0.000000D+00  0.737136D-05
     20  0.130616D-01  0.413774D-02  0.412599D-02 -0.577316D-02  0.443501D-01
     21 -0.185493D-01 -0.236156D-02 -0.589293D-02  0.824549D-02 -0.548628D-01
     22 -0.184967D-01 -0.589293D-02 -0.232806D-02  0.822208D-02 -0.547071D-01
     23  0.258809D-01  0.824549D-02  0.822208D-02 -0.795634D-02  0.765471D-01
     24  0.470812D-01  0.435647D-02  0.434410D-02 -0.607835D-02  0.125794D+00
     25 -0.457952D-01  0.458079D-02 -0.423264D-02  0.592239D-02 -0.117247D+00
     26 -0.456652D-01 -0.423264D-02  0.460485D-02  0.590557D-02 -0.116914D+00
     27  0.638955D-01  0.592239D-02  0.590557D-02  0.562294D-03  0.163588D+00
     28  0.214783D+00  0.917146D-02  0.912439D-02 -0.638099D-02  0.183579D+00
     29  0.999931D+00  0.408968D-02  0.406869D-02 -0.284537D-02  0.732178D+00
     30 -0.408968D-02  0.999857D+00 -0.634980D-04  0.444063D-04 -0.160751D-02
     31 -0.406869D-02 -0.634980D-04  0.999858D+00  0.441784D-04 -0.159926D-02
     32  0.284537D-02  0.444063D-04  0.441784D-04  0.999890D+00  0.111842D-02
     33  0.732178D+00  0.160751D-02  0.159926D-02 -0.111842D-02  0.999987D+00
     34 -0.381093D-02  0.488350D+00 -0.863850D-05  0.604120D-05 -0.329162D-02
     35 -0.379138D-02 -0.863850D-05  0.488350D+00  0.601019D-05 -0.327473D-02
     36  0.265144D-02  0.604120D-05  0.601019D-05  0.488355D+00  0.229013D-02
               16            17            18            19            20 
     16  0.100000D+01
     17  0.000000D+00  0.100000D+01
     18  0.000000D+00  0.000000D+00  0.100000D+01
     19  0.209124D-04  0.208530D-04 -0.291779D-04  0.100000D+01
     20  0.313987D-01  0.313096D-01 -0.438090D-01  0.177215D+00  0.100000D+01
     21 -0.119733D-01 -0.389083D-01  0.544412D-01  0.000000D+00  0.000000D+00
     22 -0.389083D-01 -0.117521D-01  0.542867D-01  0.000000D+00  0.000000D+00
     23  0.544412D-01  0.542867D-01 -0.489131D-01  0.000000D+00  0.000000D+00
     24  0.285311D-01  0.284501D-01 -0.398079D-01  0.140674D+00  0.782781D+00
     25  0.312067D-01 -0.265171D-01  0.371033D-01  0.000000D+00  0.000000D+00
     26 -0.265171D-01  0.313574D-01  0.369979D-01  0.000000D+00  0.000000D+00
     27  0.371033D-01  0.369979D-01  0.603113D-02  0.000000D+00  0.000000D+00
     28  0.117142D-02  0.116541D-02 -0.815013D-03  0.000000D+00  0.225662D-02
     29  0.381093D-02  0.379138D-02 -0.265144D-02  0.000000D+00  0.131660D-01
     30  0.488350D+00 -0.863850D-05  0.604120D-05  0.000000D+00  0.416421D-02
     31 -0.863850D-05  0.488350D+00  0.601019D-05  0.000000D+00  0.415240D-02
     32  0.604120D-05  0.601019D-05  0.488355D+00  0.000000D+00 -0.581483D-02
     33  0.329162D-02  0.327473D-02 -0.229013D-02  0.757802D-05  0.446572D-01
     34  0.999976D+00 -0.107793D-04  0.753833D-05  0.214642D-04  0.315638D-01
     35 -0.107793D-04  0.999976D+00  0.749964D-05  0.214034D-04  0.314743D-01
     36  0.753833D-05  0.749964D-05  0.999981D+00 -0.299723D-04 -0.440752D-01
               21            22            23            24            25 
     21  0.100000D+01
     22  0.000000D+00  0.100000D+01
     23  0.000000D+00  0.000000D+00  0.100000D+01
     24  0.000000D+00  0.000000D+00  0.000000D+00  0.100000D+01
     25  0.588593D+00  0.000000D+00  0.000000D+00  0.000000D+00  0.100000D+01
     26  0.000000D+00  0.588593D+00  0.000000D+00  0.000000D+00  0.000000D+00
     27  0.000000D+00  0.000000D+00  0.588593D+00  0.000000D+00  0.000000D+00
     28 -0.334749D-02 -0.333800D-02  0.467437D-02  0.885294D-02 -0.870940D-02
     29 -0.186672D-01 -0.186142D-01  0.260665D-01  0.471900D-01 -0.458264D-01
     30 -0.236123D-02 -0.592104D-02  0.829155D-02  0.435946D-02  0.460518D-02
     31 -0.592104D-02 -0.232761D-02  0.826804D-02  0.434710D-02 -0.422869D-02
     32  0.829155D-02  0.826804D-02 -0.800152D-02 -0.608748D-02  0.592166D-02
     33 -0.551548D-01 -0.549984D-01  0.770172D-01  0.126072D+00 -0.117316D+00
     34 -0.119305D-01 -0.390533D-01  0.546884D-01  0.285479D-01  0.313621D-01
     35 -0.390533D-01 -0.117087D-01  0.545334D-01  0.284669D-01 -0.264897D-01
     36  0.546884D-01  0.545334D-01 -0.491321D-01 -0.398637D-01  0.370950D-01
               26            27            28            29            30 
     26  0.100000D+01
     27  0.000000D+00  0.100000D+01
     28 -0.868471D-02  0.121617D-01  0.100000D+01
     29 -0.456965D-01  0.639913D-01  0.214714D+00  0.100000D+01
     30 -0.422869D-02  0.592166D-02  0.000000D+00  0.000000D+00  0.100000D+01
     31  0.462919D-02  0.590487D-02  0.000000D+00  0.000000D+00  0.000000D+00
     32  0.590487D-02  0.576993D-03  0.000000D+00  0.000000D+00  0.000000D+00
     33 -0.116983D+00  0.163818D+00  0.183583D+00  0.732193D+00  0.000000D+00
     34 -0.264897D-01  0.370950D-01  0.000000D+00  0.000000D+00  0.488370D+00
     35  0.315125D-01  0.369898D-01  0.000000D+00  0.000000D+00  0.000000D+00
     36  0.369898D-01  0.612840D-02  0.000000D+00  0.000000D+00  0.000000D+00
               31            32            33            34            35 
     31  0.100000D+01
     32  0.000000D+00  0.100000D+01
     33  0.000000D+00  0.000000D+00  0.100000D+01
     34  0.000000D+00  0.000000D+00  0.000000D+00  0.100000D+01
     35  0.488370D+00  0.000000D+00  0.000000D+00  0.000000D+00  0.100000D+01
     36  0.000000D+00  0.488370D+00  0.000000D+00  0.000000D+00  0.000000D+00
               36 
     36  0.100000D+01
 *** Kinetic Energy *** 
                1             2             3             4             5 
      1  0.365490D+01
      2 -0.135538D+00  0.159492D+00
      3  0.000000D+00  0.000000D+00  0.307817D+00
      4  0.000000D+00  0.000000D+00  0.000000D+00  0.307817D+00
      5  0.000000D+00  0.000000D+00  0.000000D+00  0.000000D+00  0.307817D+00
      6  0.117904D-01  0.513380D-01  0.000000D+00  0.000000D+00  0.000000D+00
      7  0.000000D+00  0.000000D+00  0.661980D-01  0.000000D+00  0.000000D+00
      8  0.000000D+00  0.000000D+00  0.000000D+00  0.661980D-01  0.000000D+00
      9  0.000000D+00  0.000000D+00  0.000000D+00  0.000000D+00  0.661980D-01
     10  0.000000D+00 -0.861950D-03  0.619923D-03  0.618152D-03 -0.866894D-03
     11  0.000000D+00 -0.443214D-02  0.276810D-02  0.276020D-02 -0.387089D-02
     12  0.000000D+00 -0.634769D-03 -0.767502D-03 -0.221894D-03  0.311183D-03
     13  0.000000D+00 -0.632956D-03 -0.221894D-03 -0.766232D-03  0.310294D-03
     14  0.000000D+00  0.887655D-03  0.311183D-03  0.310294D-03 -0.980127D-03
     15 -0.461162D-04 -0.979735D-02  0.340141D-02  0.339170D-02 -0.475650D-02
     16 -0.118066D-03 -0.153155D-02 -0.553210D-02 -0.384735D-02  0.539550D-02
     17 -0.117729D-03 -0.152718D-02 -0.384735D-02 -0.551009D-02  0.538009D-02
     18  0.165102D-03  0.214171D-02  0.539550D-02  0.538009D-02 -0.921875D-02
     19  0.364847D+01 -0.135489D+00 -0.192032D-02 -0.189655D-02  0.598674D-02
     20 -0.135489D+00  0.159482D+00 -0.107723D-03 -0.106390D-03  0.335836D-03
     21  0.192032D-02  0.107723D-03  0.307803D+00 -0.201124D-05  0.634879D-05
     22  0.189655D-02  0.106390D-03 -0.201124D-05  0.307803D+00  0.627021D-05
     23 -0.598674D-02 -0.335836D-03  0.634879D-05  0.627021D-05  0.307785D+00
     24  0.117903D-01  0.513374D-01 -0.597696D-04 -0.590298D-04  0.186336D-03
     25  0.347084D-04  0.117643D-03  0.661972D-01  0.000000D+00  0.000000D+00
     26  0.342789D-04  0.116187D-03  0.000000D+00  0.661972D-01  0.000000D+00
     27 -0.108206D-03 -0.366763D-03  0.000000D+00  0.000000D+00  0.661962D-01
     28  0.000000D+00 -0.865424D-03  0.618535D-03  0.616770D-03 -0.865658D-03
     29  0.000000D+00 -0.444758D-02  0.275739D-02  0.274952D-02 -0.385905D-02
     30  0.000000D+00 -0.632400D-03 -0.776560D-03 -0.232018D-03  0.325645D-03
     31  0.000000D+00 -0.630596D-03 -0.232018D-03 -0.775235D-03  0.324716D-03
     32  0.000000D+00  0.885063D-03  0.325645D-03  0.324716D-03 -0.999629D-03
     33 -0.472820D-04 -0.981214D-02  0.335800D-02  0.334842D-02 -0.469962D-02
     34 -0.120821D-03 -0.149980D-02 -0.556945D-02 -0.390323D-02  0.547831D-02
     35 -0.120477D-03 -0.149553D-02 -0.390323D-02 -0.554715D-02  0.546269D-02
     36  0.169093D-03  0.209902D-02  0.547831D-02  0.546269D-02 -0.932212D-02
                6             7             8             9            10 
      6  0.428467D-01
      7  0.000000D+00  0.714113D-01
      8  0.000000D+00  0.000000D+00  0.714113D-01
      9  0.000000D+00  0.000000D+00  0.000000D+00  0.714113D-01
     10  0.268360D-03 -0.759297D-03 -0.757129D-03  0.106179D-02  0.389908D+02
     11  0.144497D-02 -0.397605D-02 -0.396470D-02  0.556007D-02 -0.375452D+01
     12  0.378481D-03  0.157030D-03 -0.606573D-03  0.850655D-03  0.000000D+00
     13  0.377400D-03 -0.606573D-03  0.160499D-03  0.848225D-03  0.000000D+00
     14 -0.529264D-03  0.850655D-03  0.848225D-03 -0.424208D-03  0.000000D+00
     15  0.396851D-02 -0.100072D-01 -0.997863D-02  0.139940D-01  0.257510D+00
     16  0.243518D-02  0.121851D-02 -0.369515D-02  0.518207D-02  0.000000D+00
     17  0.242822D-02 -0.369515D-02  0.123965D-02  0.516727D-02  0.000000D+00
     18 -0.340533D-02  0.518207D-02  0.516727D-02 -0.232230D-02  0.000000D+00
     19  0.117903D-01 -0.347084D-04 -0.342789D-04  0.108206D-03  0.000000D+00
     20  0.513374D-01 -0.117643D-03 -0.116187D-03  0.366763D-03 -0.870317D-03
     21  0.597696D-04  0.661972D-01  0.000000D+00  0.000000D+00  0.617781D-03
     22  0.590298D-04  0.000000D+00  0.661972D-01  0.000000D+00  0.616027D-03
     23 -0.186336D-03  0.000000D+00  0.000000D+00  0.661962D-01 -0.861956D-03
     24  0.428464D-01 -0.644768D-04 -0.636787D-04  0.201011D-03  0.272723D-03
     25  0.644768D-04  0.714107D-01  0.000000D+00  0.000000D+00 -0.765003D-03
     26  0.636787D-04  0.000000D+00  0.714107D-01  0.000000D+00 -0.762832D-03
     27 -0.201011D-03  0.000000D+00  0.000000D+00  0.714100D-01  0.106737D-02
     28  0.270166D-03 -0.761005D-03 -0.758834D-03  0.106505D-02  0.388808D+02
     29  0.145443D-02 -0.398474D-02 -0.397338D-02  0.557677D-02 -0.375085D+01
     30  0.379312D-03  0.159963D-03 -0.606565D-03  0.851334D-03 -0.184695D+00
     31  0.378230D-03 -0.606565D-03  0.163429D-03  0.848906D-03 -0.183747D+00
     32 -0.530858D-03  0.851334D-03  0.848906D-03 -0.423205D-03  0.128500D+00
     33  0.399231D-02 -0.100271D-01 -0.999854D-02  0.140333D-01  0.257499D+00
     34  0.244003D-02  0.123696D-02 -0.369454D-02  0.518541D-02 -0.273881D-02
     35  0.243307D-02 -0.369454D-02  0.125806D-02  0.517062D-02 -0.272475D-02
     36 -0.341489D-02  0.518541D-02  0.517062D-02 -0.231508D-02  0.190551D-02
               11            12            13            14            15 
     11  0.370045D+01
     12  0.000000D+00  0.710468D+01
     13  0.000000D+00  0.000000D+00  0.710468D+01
     14  0.000000D+00  0.000000D+00  0.000000D+00  0.710468D+01
     15  0.837738D+00  0.000000D+00  0.000000D+00  0.000000D+00  0.723575D+00
     16  0.000000D+00  0.966459D+00  0.000000D+00  0.000000D+00  0.000000D+00
     17  0.000000D+00  0.000000D+00  0.966459D+00  0.000000D+00  0.000000D+00
     18  0.000000D+00  0.000000D+00  0.000000D+00  0.966459D+00  0.000000D+00
     19  0.000000D+00  0.000000D+00  0.000000D+00  0.000000D+00 -0.489750D-04
     20 -0.446929D-02 -0.630273D-03 -0.628483D-03  0.879385D-03 -0.983251D-02
     21  0.274757D-02 -0.790423D-03 -0.247472D-03  0.346267D-03  0.330274D-02
     22  0.273978D-02 -0.247472D-03 -0.789016D-03  0.345284D-03  0.329337D-02
     23 -0.383354D-02  0.346267D-03  0.345284D-03 -0.102537D-02 -0.460814D-02
     24  0.146781D-02  0.381276D-03  0.380194D-03 -0.531974D-03  0.402599D-02
     25 -0.400533D-02  0.161582D-03 -0.609086D-03  0.852243D-03 -0.100762D-01
     26 -0.399396D-02 -0.609086D-03  0.165045D-03  0.849824D-03 -0.100476D-01
     27  0.558842D-02  0.852243D-03  0.849824D-03 -0.416687D-03  0.140588D-01
     28 -0.375085D+01  0.184695D+00  0.183747D+00 -0.128500D+00  0.257499D+00
     29  0.369944D+01 -0.125581D-01 -0.124936D-01  0.873720D-02  0.837709D+00
     30  0.125581D-01  0.710266D+01 -0.898769D-03  0.628539D-03 -0.318116D-02
     31  0.124936D-01 -0.898769D-03  0.710267D+01  0.625314D-03 -0.316484D-02
     32 -0.873720D-02  0.628539D-03  0.625314D-03  0.710313D+01  0.221328D-02
     33  0.837709D+00  0.318116D-02  0.316484D-02 -0.221328D-02  0.723558D+00
     34 -0.722635D-02  0.966405D+00 -0.239721D-04  0.167645D-04 -0.396953D-02
     35 -0.718926D-02 -0.239721D-04  0.966406D+00  0.166785D-04 -0.394916D-02
     36  0.502769D-02  0.167645D-04  0.166785D-04  0.966418D+00  0.276178D-02
               16            17            18            19            20 
     16  0.120596D+01
     17  0.000000D+00  0.120596D+01
     18  0.000000D+00  0.000000D+00  0.120596D+01
     19 -0.125073D-03 -0.124718D-03  0.174507D-03  0.365490D+01
     20 -0.145737D-02 -0.145323D-02  0.203339D-02 -0.135538D+00  0.159492D+00
     21 -0.563873D-02 -0.399919D-02  0.559574D-02  0.000000D+00  0.000000D+00
     22 -0.399919D-02 -0.561599D-02  0.557986D-02  0.000000D+00  0.000000D+00
     23  0.559574D-02  0.557986D-02 -0.943559D-02  0.000000D+00  0.000000D+00
     24  0.245196D-02  0.244500D-02 -0.342109D-02  0.117904D-01  0.513380D-01
     25  0.124762D-02 -0.370909D-02  0.518982D-02  0.000000D+00  0.000000D+00
     26 -0.370909D-02  0.126870D-02  0.517509D-02  0.000000D+00  0.000000D+00
     27  0.518982D-02  0.517509D-02 -0.227381D-02  0.000000D+00  0.000000D+00
     28  0.273881D-02  0.272475D-02 -0.190551D-02  0.000000D+00 -0.873775D-03
     29  0.722635D-02  0.718926D-02 -0.502769D-02  0.000000D+00 -0.448461D-02
     30  0.966405D+00 -0.239721D-04  0.167645D-04  0.000000D+00 -0.627761D-03
     31 -0.239721D-04  0.966406D+00  0.166785D-04  0.000000D+00 -0.625981D-03
     32  0.167645D-04  0.166785D-04  0.966418D+00  0.000000D+00  0.876595D-03
     33  0.396953D-02  0.394916D-02 -0.276178D-02 -0.502090D-04 -0.984656D-02
     34  0.120592D+01 -0.181991D-04  0.127272D-04 -0.127981D-03 -0.142462D-02
     35 -0.181991D-04  0.120592D+01  0.126619D-04 -0.127618D-03 -0.142058D-02
     36  0.127272D-04  0.126619D-04  0.120593D+01  0.178710D-03  0.198932D-02
               21            22            23            24            25 
     21  0.307817D+00
     22  0.000000D+00  0.307817D+00
     23  0.000000D+00  0.000000D+00  0.307817D+00
     24  0.000000D+00  0.000000D+00  0.000000D+00  0.428467D-01
     25  0.661980D-01  0.000000D+00  0.000000D+00  0.000000D+00  0.714113D-01
     26  0.000000D+00  0.661980D-01  0.000000D+00  0.000000D+00  0.000000D+00
     27  0.000000D+00  0.000000D+00  0.661980D-01  0.000000D+00  0.000000D+00
     28  0.616276D-03  0.614529D-03 -0.860557D-03  0.274541D-03 -0.766710D-03
     29  0.273625D-02  0.272849D-02 -0.382085D-02  0.147733D-02 -0.401402D-02
     30 -0.799588D-03 -0.257828D-03  0.361050D-03  0.382106D-03  0.164541D-03
     31 -0.257828D-03 -0.798124D-03  0.360027D-03  0.381023D-03 -0.609068D-03
     32  0.361050D-03  0.360027D-03 -0.104519D-02 -0.533566D-03  0.852910D-03
     33  0.325802D-02  0.324878D-02 -0.454944D-02  0.404993D-02 -0.100961D-01
     34 -0.567616D-02 -0.405591D-02  0.567971D-02  0.245680D-02  0.126621D-02
     35 -0.405591D-02 -0.565313D-02  0.566361D-02  0.244984D-02 -0.370841D-02
     36  0.567971D-02  0.566361D-02 -0.953976D-02 -0.343064D-02  0.519309D-02
               26            27            28            29            30 
     26  0.714113D-01
     27  0.000000D+00  0.714113D-01
     28 -0.764536D-03  0.107062D-02  0.389908D+02
     29 -0.400264D-02  0.560511D-02 -0.375452D+01  0.370045D+01
     30 -0.609068D-03  0.852910D-03  0.000000D+00  0.000000D+00  0.710468D+01
     31  0.167999D-03  0.850492D-03  0.000000D+00  0.000000D+00  0.000000D+00
     32  0.850492D-03 -0.415648D-03  0.000000D+00  0.000000D+00  0.000000D+00
     33 -0.100675D-01  0.140980D-01  0.257510D+00  0.837738D+00  0.000000D+00
     34 -0.370841D-02  0.519309D-02  0.000000D+00  0.000000D+00  0.966459D+00
     35  0.128726D-02  0.517836D-02  0.000000D+00  0.000000D+00  0.000000D+00
     36  0.517836D-02 -0.226637D-02  0.000000D+00  0.000000D+00  0.000000D+00
               31            32            33            34            35 
     31  0.710468D+01
     32  0.000000D+00  0.710468D+01
     33  0.000000D+00  0.000000D+00  0.723575D+00
     34  0.000000D+00  0.000000D+00  0.000000D+00  0.120596D+01
     35  0.966459D+00  0.000000D+00  0.000000D+00  0.000000D+00  0.120596D+01
     36  0.000000D+00  0.966459D+00  0.000000D+00  0.000000D+00  0.000000D+00
               36 
     36  0.120596D+01
 Entering OneElI...
 Calculate potential energy integrals
    NBasis =  36  MinDer = 0  MaxDer = 0
 Requested accuracy = 0.1000D-12
 PrmmSu-InSpLW:  IPartL=    0 NPrtUS=    1 NPrtUL=    1 DoSpLW=F IThBeg=    0 IThEnd=    0 NThAct=    1.
 PrSmSu:  IncTry=   512 NBBP=            296 NTPThr=   100 NPartT=    1 Incr=           2 LDynOK=F GPUOK=F.
 PrsmSu:  NPrtUS=   1 ThrOK=F IAlg=2 LenDen=           0 ISkipM=0 DoSpLW=F IThBeg=    0 IThEnd=    0.
 Prism:   IPart=     0 DynPar=F LinDyn=F Incr=           2.
 PRISM was handed  1342168168 working-precision words and    74 shell-pairs
 IPart=  0 NShTot=         296 NBatch=          74 AvBLen=         4.0
 PrSmSu:  NxtVal=              3.
 ***** Potential Energy ***** 
                1             2             3             4             5 
      1  0.192498D+02
      2  0.180812D+01  0.554280D+01
      3 -0.351381D-01 -0.446869D+00  0.537090D+01
      4 -0.350057D-01 -0.445576D+00  0.148077D+00  0.537005D+01
      5  0.549610D-01  0.628226D+00 -0.207759D+00 -0.207166D+00  0.551308D+01
      6  0.166386D+01  0.413158D+01 -0.453898D+00 -0.452591D+00  0.637170D+00
      7 -0.526368D-02 -0.282525D+00  0.275520D+01  0.134565D+00 -0.188792D+00
      8 -0.524513D-02 -0.281714D+00  0.134565D+00  0.275443D+01 -0.188253D+00
      9  0.799863D-02  0.396129D+00 -0.188792D+00 -0.188253D+00  0.288437D+01
     10  0.000000D+00  0.194005D+00 -0.289497D+00 -0.288670D+00  0.404884D+00
     11  0.000000D+00  0.331706D+00 -0.477370D+00 -0.476007D+00  0.667636D+00
     12  0.000000D+00  0.885460D-01 -0.534442D-01 -0.127516D+00  0.178843D+00
     13  0.000000D+00  0.882911D-01 -0.127513D+00 -0.527119D-01  0.178328D+00
     14  0.000000D+00 -0.123203D+00  0.177915D+00  0.177407D+00 -0.174378D+00
     15  0.545833D-04  0.618002D+00 -0.804255D+00 -0.801958D+00  0.112480D+01
     16  0.156739D-03  0.332672D+00 -0.145689D+00 -0.422584D+00  0.592678D+00
     17  0.156292D-03  0.331721D+00 -0.422582D+00 -0.143270D+00  0.590983D+00
     18 -0.219165D-03 -0.464823D+00  0.592104D+00  0.590413D+00 -0.549955D+00
     19  0.192467D+02  0.181018D+01 -0.520368D-01 -0.516974D-01  0.107249D+00
     20  0.180804D+01  0.554724D+01 -0.454213D+00 -0.452847D+00  0.648093D+00
     21 -0.117138D-01 -0.438988D+00  0.537522D+01  0.148819D+00 -0.209754D+00
     22 -0.118717D-01 -0.437813D+00  0.148833D+00  0.537437D+01 -0.209168D+00
     23 -0.181460D-01  0.600051D+00 -0.207289D+00 -0.206690D+00  0.551723D+01
     24  0.166388D+01  0.413317D+01 -0.457035D+00 -0.455696D+00  0.645625D+00
     25 -0.230511D-02 -0.277002D+00  0.275572D+01  0.134337D+00 -0.188671D+00
     26 -0.232319D-02 -0.276264D+00  0.134345D+00  0.275496D+01 -0.188142D+00
     27 -0.122667D-02  0.378050D+00 -0.187264D+00 -0.186728D+00  0.288324D+01
     28  0.000000D+00  0.195101D+00 -0.290814D+00 -0.289985D+00  0.406949D+00
     29  0.000000D+00  0.333562D+00 -0.479488D+00 -0.478120D+00  0.670973D+00
     30  0.000000D+00  0.872319D-01 -0.508278D-01 -0.125401D+00  0.175992D+00
     31  0.000000D+00  0.869851D-01 -0.125404D+00 -0.501143D-01  0.175494D+00
     32  0.000000D+00 -0.122700D+00  0.176914D+00  0.176409D+00 -0.172647D+00
     33  0.561336D-04  0.621251D+00 -0.807472D+00 -0.805169D+00  0.112995D+01
     34  0.160945D-03  0.333102D+00 -0.143870D+00 -0.422442D+00  0.592875D+00
     35  0.160486D-03  0.332153D+00 -0.422444D+00 -0.141459D+00  0.591186D+00
     36 -0.225233D-03 -0.466543D+00  0.593409D+00  0.591716D+00 -0.550661D+00
                6             7             8             9            10 
      6  0.456219D+01
      7 -0.573865D+00  0.370469D+01
      8 -0.572223D+00  0.261343D+00  0.370319D+01
      9  0.803652D+00 -0.366657D+00 -0.365610D+00  0.395553D+01
     10  0.780484D+00 -0.770864D+00 -0.768662D+00  0.107811D+01  0.159279D+03
     11  0.123865D+01 -0.121063D+01 -0.120717D+01  0.169315D+01  0.123049D+02
     12  0.997165D-01  0.921624D-01 -0.972534D-01  0.136400D+00  0.222497D+00
     13  0.994238D-01 -0.972456D-01  0.927265D-01  0.136000D+00  0.221367D+00
     14 -0.136988D+00  0.133973D+00  0.133590D+00  0.233223D-02 -0.158470D+00
     15  0.192205D+01 -0.182254D+01 -0.181734D+01  0.254896D+01  0.166168D+02
     16  0.322457D+00  0.309929D+00 -0.300727D+00  0.421773D+00  0.187359D-01
     17  0.321532D+00 -0.300722D+00  0.311653D+00  0.420563D+00  0.186414D-01
     18 -0.449534D+00  0.420402D+00  0.419201D+00  0.235816D-01 -0.135455D-01
     19  0.166510D+01 -0.751971D-02 -0.747365D-02  0.149594D-01  0.000000D+00
     20  0.413681D+01 -0.288767D+00 -0.287895D+00  0.412558D+00  0.197956D+00
     21 -0.451041D+00  0.275942D+01  0.135931D+00 -0.191483D+00 -0.294854D+00
     22 -0.449796D+00  0.135939D+00  0.275864D+01 -0.190942D+00 -0.294017D+00
     23  0.623304D+00 -0.190070D+00 -0.189521D+00  0.289006D+01  0.411449D+00
     24  0.456546D+01 -0.578475D+00 -0.576790D+00  0.815446D+00  0.784905D+00
     25 -0.570231D+00  0.370686D+01  0.261768D+00 -0.367728D+00 -0.773815D+00
     26 -0.568648D+00  0.261778D+00  0.370537D+01 -0.366689D+00 -0.771618D+00
     27  0.789744D+00 -0.365944D+00 -0.364896D+00  0.395694D+01  0.107981D+01
     28  0.781723D+00 -0.771248D+00 -0.769048D+00  0.107924D+01  0.159171D+03
