 Entering Gaussian System, Link 0=g16
 Initial command:
 /software/gaussian/g16-c01/avx/g16/l1.exe "/gpfs/fs2/scratch/bweight/software/many_molecule_many_mode_NAMD/src/NAMD/TEST_OUTPUT/G16/DIMER/Gau-9137.inp" -scrdir="/gpfs/fs2/scratch/bweight/software/many_molecule_many_mode_NAMD/src/NAMD/TEST_OUTPUT/G16/DIMER/"
 Entering Link 1 = /software/gaussian/g16-c01/avx/g16/l1.exe PID=      9138.
  
 Copyright (c) 1988-2019, Gaussian, Inc.  All Rights Reserved.
  
 This is part of the Gaussian(R) 16 program.  It is based on
 the Gaussian(R) 09 system (copyright 2009, Gaussian, Inc.),
 the Gaussian(R) 03 system (copyright 2003, Gaussian, Inc.),
 the Gaussian(R) 98 system (copyright 1998, Gaussian, Inc.),
 the Gaussian(R) 94 system (copyright 1995, Gaussian, Inc.),
 the Gaussian 92(TM) system (copyright 1992, Gaussian, Inc.),
 the Gaussian 90(TM) system (copyright 1990, Gaussian, Inc.),
 the Gaussian 88(TM) system (copyright 1988, Gaussian, Inc.),
 the Gaussian 86(TM) system (copyright 1986, Carnegie Mellon
 University), and the Gaussian 82(TM) system (copyright 1983,
 Carnegie Mellon University). Gaussian is a federally registered
 trademark of Gaussian, Inc.
  
 This software contains proprietary and confidential information,
 including trade secrets, belonging to Gaussian, Inc.
  
 This software is provided under written license and may be
 used, copied, transmitted, or stored only in accord with that
 written license.
  
 The following legend is applicable only to US Government
 contracts under FAR:
  
                    RESTRICTED RIGHTS LEGEND
  
 Use, reproduction and disclosure by the US Government is
 subject to restrictions as set forth in subparagraphs (a)
 and (c) of the Commercial Computer Software - Restricted
 Rights clause in FAR 52.227-19.
  
 Gaussian, Inc.
 340 Quinnipiac St., Bldg. 40, Wallingford CT 06492
  
  
 ---------------------------------------------------------------
 Warning -- This program may not be used in any manner that
 competes with the business of Gaussian, Inc. or will provide
 assistance to any competitor of Gaussian, Inc.  The licensee
 of this program is prohibited from giving any competitor of
 Gaussian, Inc. access to this program.  By using this program,
 the user acknowledges that Gaussian, Inc. is engaged in the
 business of creating and licensing software in the field of
 computational chemistry and represents and warrants to the
 licensee that it is not a competitor of Gaussian, Inc. and that
 it will not use this program in any manner prohibited above.
 ---------------------------------------------------------------
  

 Cite this work as:
 Gaussian 16, Revision C.01,
 M. J. Frisch, G. W. Trucks, H. B. Schlegel, G. E. Scuseria, 
 M. A. Robb, J. R. Cheeseman, G. Scalmani, V. Barone, 
 G. A. Petersson, H. Nakatsuji, X. Li, M. Caricato, A. V. Marenich, 
 J. Bloino, B. G. Janesko, R. Gomperts, B. Mennucci, H. P. Hratchian, 
 J. V. Ortiz, A. F. Izmaylov, J. L. Sonnenberg, D. Williams-Young, 
 F. Ding, F. Lipparini, F. Egidi, J. Goings, B. Peng, A. Petrone, 
 T. Henderson, D. Ranasinghe, V. G. Zakrzewski, J. Gao, N. Rega, 
 G. Zheng, W. Liang, M. Hada, M. Ehara, K. Toyota, R. Fukuda, 
 J. Hasegawa, M. Ishida, T. Nakajima, Y. Honda, O. Kitao, H. Nakai, 
 T. Vreven, K. Throssell, J. A. Montgomery, Jr., J. E. Peralta, 
 F. Ogliaro, M. J. Bearpark, J. J. Heyd, E. N. Brothers, K. N. Kudin, 
 V. N. Staroverov, T. A. Keith, R. Kobayashi, J. Normand, 
 K. Raghavachari, A. P. Rendell, J. C. Burant, S. S. Iyengar, 
 J. Tomasi, M. Cossi, J. M. Millam, M. Klene, C. Adamo, R. Cammi, 
 J. W. Ochterski, R. L. Martin, K. Morokuma, O. Farkas, 
 J. B. Foresman, and D. J. Fox, Gaussian, Inc., Wallingford CT, 2019.
 
 ******************************************
 Gaussian 16:  ES64L-G16RevC.01  3-Jul-2019
                30-Dec-2022 
 ******************************************
 %chk=geometry.chk
 %nprocshared=1
 Will use up to    1 processors via shared memory.
 %mem=5GB
 ------------------------------------------------------------
 # B3LYP/6-31G* nosymm iop(2/12=3,3/33=1) guess=only pop=full
 ------------------------------------------------------------
 1/38=1,172=1/1;
 2/12=3,15=1,17=6,18=5,40=1/2;
 3/5=1,6=6,7=1,11=2,25=1,30=1,33=1,74=-5,89=1/1,2;
 4//1;
 6/7=3,28=1/1;
 99/5=2/99;
 -----------
 MD Step 123
 -----------
 Symbolic Z-matrix:
 Charge =  0 Multiplicity = 1
 Li                    1.02092   1.02057   0.8185 
 F                     0.61267   0.61276   4.68668 
 Li                    1.02989   1.02954   0.81917 
 F                     0.61747   0.61756   4.69451 
 
                          Input orientation:                          
 ---------------------------------------------------------------------
 Center     Atomic      Atomic             Coordinates (Angstroms)
 Number     Number       Type             X           Y           Z
 ---------------------------------------------------------------------
      1          3           0        1.020918    1.020573    0.818501
      2          9           0        0.612667    0.612758    4.686676
      3          3           0        1.029887    1.029538    0.819165
      4          9           0        0.617469    0.617561    4.694513
 ---------------------------------------------------------------------
                    Distance matrix (angstroms):
                    1          2          3          4
     1  Li   0.000000
     2  F    3.910979   0.000000
     3  Li   0.012699   3.912214   0.000000
     4  F    3.917736   0.010371   3.918946   0.000000
 Symmetry turned off by external request.
 Stoichiometry    F2Li2
 Framework group  C1[X(F2Li2)]
 Deg. of freedom     6
 Full point group                 C1      NOp   1
 Rotational constants (GHZ):      439438.0488659           3.2176434           3.2176198
 Standard basis: 6-31G(d) (6D, 7F)
                         Coordinates in L301:                         
 ---------------------------------------------------------------------
 Center     Atomic      Atomic             Coordinates (Angstroms)
 Number     Number       Type             X           Y           Z
 ---------------------------------------------------------------------
      1          3           0        1.020918    1.020573    0.818501
      2          9           0        0.612667    0.612758    4.686676
      3          3           0        1.029887    1.029538    0.819165
      4          9           0        0.617469    0.617561    4.694513
 ---------------------------------------------------------------------
 FixB: optimizing general contractions.
 Ernie: Thresh=  0.10000D-02 Tol=  0.10000D-05 Strict=F.
 IA=     1 ShT= 0 ShC= 0 NL=   1 NS=   0.
 IA=     1 L=0 SC=0 ISt=    0 NBk=    0 NP=    0 IndPr=    0.
 IA=     1 ShT= 1 ShC= 0 NL=   2 NS=   1.
 IA=     1 L=1 SC=0 ISt=    0 NBk=    0 NP=    0 IndPr=    0.
 IA=     1 ShT= 2 ShC= 2 NL=   1 NS=   1.
 IA=     1 L=2 SC=2 ISt=    0 NBk=    0 NP=    0 IndPr=    0.
 IA=     2 ShT= 0 ShC= 0 NL=   1 NS=   0.
 IA=     2 L=0 SC=0 ISt=    0 NBk=    0 NP=    0 IndPr=    0.
 IA=     2 ShT= 1 ShC= 0 NL=   2 NS=   1.
 IA=     2 L=1 SC=0 ISt=    0 NBk=    0 NP=    0 IndPr=    0.
 IA=     2 ShT= 2 ShC= 2 NL=   1 NS=   1.
 IA=     2 L=2 SC=2 ISt=    0 NBk=    0 NP=    0 IndPr=    0.
 IA=     3 ShT= 0 ShC= 0 NL=   1 NS=   0.
 IA=     3 L=0 SC=0 ISt=    0 NBk=    0 NP=    0 IndPr=    0.
 IA=     3 ShT= 1 ShC= 0 NL=   2 NS=   1.
 IA=     3 L=1 SC=0 ISt=    0 NBk=    0 NP=    0 IndPr=    0.
 IA=     3 ShT= 2 ShC= 2 NL=   1 NS=   1.
 IA=     3 L=2 SC=2 ISt=    0 NBk=    0 NP=    0 IndPr=    0.
 IA=     4 ShT= 0 ShC= 0 NL=   1 NS=   0.
 IA=     4 L=0 SC=0 ISt=    0 NBk=    0 NP=    0 IndPr=    0.
 IA=     4 ShT= 1 ShC= 0 NL=   2 NS=   1.
 IA=     4 L=1 SC=0 ISt=    0 NBk=    0 NP=    0 IndPr=    0.
 IA=     4 ShT= 2 ShC= 2 NL=   1 NS=   1.
 IA=     4 L=2 SC=2 ISt=    0 NBk=    0 NP=    0 IndPr=    0.
 LdAtmC:  AtmChg=     3.000000     9.000000     3.000000     9.000000
 AtZEff=     -1.3500000     -6.7500000     -1.3500000     -6.7500000
    60 basis functions,   112 primitive gaussians,    60 cartesian basis functions
    12 alpha electrons       12 beta electrons
       nuclear repulsion energy      4522.6972413825 Hartrees.
 IS=     1 IAt=     1 ISR=     1 T=0 IP=      1 IndIP=      1 IndIPD=      0 C=  1.948572D-01  0.000000D+00                             NZ=T
 IS=     1 IAt=     1 ISR=     1 T=0 IP=      2 IndIP=      2 IndIPD=      1 C=  3.565040D-01  0.000000D+00                             NZ=T
 IS=     1 IAt=     1 ISR=     1 T=0 IP=      3 IndIP=      3 IndIPD=      2 C=  5.614879D-01  0.000000D+00                             NZ=T
 IS=     1 IAt=     1 ISR=     1 T=0 IP=      4 IndIP=      4 IndIPD=      3 C=  6.883627D-01  0.000000D+00                             NZ=T
 IS=     1 IAt=     1 ISR=     1 T=0 IP=      5 IndIP=      5 IndIPD=      4 C=  5.498106D-01  0.000000D+00                             NZ=T
 IS=     1 IAt=     1 ISR=     1 T=0 IP=      6 IndIP=      6 IndIPD=      5 C=  1.755056D-01  0.000000D+00                             NZ=T
 IS=     2 IAt=     1 ISR=     2 T=1 IP=      1 IndIP=      7 IndIPD=      0 C= -4.708915D-02  3.658984D-02                             NZ=T
 IS=     2 IAt=     1 ISR=     2 T=1 IP=      2 IndIP=      8 IndIPD=      1 C= -9.665673D-02  1.133585D-01                             NZ=T
 IS=     2 IAt=     1 ISR=     2 T=1 IP=      3 IndIP=      9 IndIPD=      2 C=  1.151795D-01  5.648589D-02                             NZ=T
 IS=     3 IAt=     1 ISR=     3 T=1 IP=      1 IndIP=     10 IndIPD=      0 C=  5.885627D-02  2.232258D-02                             NZ=T
 IS=     4 IAt=     1 ISR=     4 T=2 IP=      1 IndIP=     11 IndIPD=      1 C=  0.000000D+00  0.000000D+00  9.844914D-02  0.000000D+00 NZ=T
 IS=     5 IAt=     2 ISR=     1 T=0 IP=      1 IndIP=     12 IndIPD=      0 C=  9.926435D-01  0.000000D+00                             NZ=T
 IS=     5 IAt=     2 ISR=     1 T=0 IP=      2 IndIP=     13 IndIPD=      1 C=  1.831228D+00  0.000000D+00                             NZ=T
 IS=     5 IAt=     2 ISR=     1 T=0 IP=      3 IndIP=     14 IndIPD=      2 C=  2.966112D+00  0.000000D+00                             NZ=T
 IS=     5 IAt=     2 ISR=     1 T=0 IP=      4 IndIP=     15 IndIPD=      3 C=  3.909261D+00  0.000000D+00                             NZ=T
 IS=     5 IAt=     2 ISR=     1 T=0 IP=      5 IndIP=     16 IndIPD=      4 C=  3.355897D+00  0.000000D+00                             NZ=T
 IS=     5 IAt=     2 ISR=     1 T=0 IP=      6 IndIP=     17 IndIPD=      5 C=  1.140707D+00  0.000000D+00                             NZ=T
 IS=     6 IAt=     2 ISR=     2 T=1 IP=      1 IndIP=     18 IndIPD=      0 C= -7.545105D-01  4.548378D+00                             NZ=T
 IS=     6 IAt=     2 ISR=     2 T=1 IP=      2 IndIP=     19 IndIPD=      1 C= -3.389211D-01  3.510720D+00                             NZ=T
 IS=     6 IAt=     2 ISR=     2 T=1 IP=      3 IndIP=     20 IndIPD=      2 C=  1.004155D+00  1.490346D+00                             NZ=T
 IS=     7 IAt=     2 ISR=     3 T=1 IP=      1 IndIP=     21 IndIPD=      0 C=  3.299591D-01  3.949330D-01                             NZ=T
 IS=     8 IAt=     2 ISR=     4 T=2 IP=      1 IndIP=     22 IndIPD=      2 C=  0.000000D+00  0.000000D+00  1.113825D+00  0.000000D+00 NZ=T
 IS=     9 IAt=     3 ISR=     1 T=0 IP=      1 IndIP=     23 IndIPD=      0 C=  1.948572D-01  0.000000D+00                             NZ=T
 IS=     9 IAt=     3 ISR=     1 T=0 IP=      2 IndIP=     24 IndIPD=      1 C=  3.565040D-01  0.000000D+00                             NZ=T
 IS=     9 IAt=     3 ISR=     1 T=0 IP=      3 IndIP=     25 IndIPD=      2 C=  5.614879D-01  0.000000D+00                             NZ=T
 IS=     9 IAt=     3 ISR=     1 T=0 IP=      4 IndIP=     26 IndIPD=      3 C=  6.883627D-01  0.000000D+00                             NZ=T
 IS=     9 IAt=     3 ISR=     1 T=0 IP=      5 IndIP=     27 IndIPD=      4 C=  5.498106D-01  0.000000D+00                             NZ=T
 IS=     9 IAt=     3 ISR=     1 T=0 IP=      6 IndIP=     28 IndIPD=      5 C=  1.755056D-01  0.000000D+00                             NZ=T
 IS=    10 IAt=     3 ISR=     2 T=1 IP=      1 IndIP=     29 IndIPD=      0 C= -4.708915D-02  3.658984D-02                             NZ=T
 IS=    10 IAt=     3 ISR=     2 T=1 IP=      2 IndIP=     30 IndIPD=      1 C= -9.665673D-02  1.133585D-01                             NZ=T
 IS=    10 IAt=     3 ISR=     2 T=1 IP=      3 IndIP=     31 IndIPD=      2 C=  1.151795D-01  5.648589D-02                             NZ=T
 IS=    11 IAt=     3 ISR=     3 T=1 IP=      1 IndIP=     32 IndIPD=      0 C=  5.885627D-02  2.232258D-02                             NZ=T
 IS=    12 IAt=     3 ISR=     4 T=2 IP=      1 IndIP=     33 IndIPD=      3 C=  0.000000D+00  0.000000D+00  9.844914D-02  0.000000D+00 NZ=T
 IS=    13 IAt=     4 ISR=     1 T=0 IP=      1 IndIP=     34 IndIPD=      0 C=  9.926435D-01  0.000000D+00                             NZ=T
 IS=    13 IAt=     4 ISR=     1 T=0 IP=      2 IndIP=     35 IndIPD=      1 C=  1.831228D+00  0.000000D+00                             NZ=T
 IS=    13 IAt=     4 ISR=     1 T=0 IP=      3 IndIP=     36 IndIPD=      2 C=  2.966112D+00  0.000000D+00                             NZ=T
 IS=    13 IAt=     4 ISR=     1 T=0 IP=      4 IndIP=     37 IndIPD=      3 C=  3.909261D+00  0.000000D+00                             NZ=T
 IS=    13 IAt=     4 ISR=     1 T=0 IP=      5 IndIP=     38 IndIPD=      4 C=  3.355897D+00  0.000000D+00                             NZ=T
 IS=    13 IAt=     4 ISR=     1 T=0 IP=      6 IndIP=     39 IndIPD=      5 C=  1.140707D+00  0.000000D+00                             NZ=T
 IS=    14 IAt=     4 ISR=     2 T=1 IP=      1 IndIP=     40 IndIPD=      0 C= -7.545105D-01  4.548378D+00                             NZ=T
 IS=    14 IAt=     4 ISR=     2 T=1 IP=      2 IndIP=     41 IndIPD=      1 C= -3.389211D-01  3.510720D+00                             NZ=T
 IS=    14 IAt=     4 ISR=     2 T=1 IP=      3 IndIP=     42 IndIPD=      2 C=  1.004155D+00  1.490346D+00                             NZ=T
 IS=    15 IAt=     4 ISR=     3 T=1 IP=      1 IndIP=     43 IndIPD=      0 C=  3.299591D-01  3.949330D-01                             NZ=T
 IS=    16 IAt=     4 ISR=     4 T=2 IP=      1 IndIP=     44 IndIPD=      4 C=  0.000000D+00  0.000000D+00  1.113825D+00  0.000000D+00 NZ=T
 IExCor=  402 DFT=T Ex+Corr=B3LYP ExCW=0 ScaHFX=  0.200000
 ScaDFX=  0.800000  0.720000  1.000000  0.810000 ScalE2=  1.000000  1.000000
 IRadAn=      5 IRanWt=     -1 IRanGd=            0 ICorTp=0 IEmpDi=  4
 NAtoms=    4 NActive=    4 NUniq=    4 SFac= 1.00D+00 NAtFMM=   60 NAOKFM=F Big=F
 Integral buffers will be    131072 words long.
 Raffenetti 2 integral format.
 Two-electron integral symmetry is turned off.
 NPDir=0 NMtPBC=     1 NCelOv=     1 NCel=       1 NClECP=     1 NCelD=      1
         NCelK=      1 NCelE2=     1 NClLst=     1 CellRange=     0.0.
 One-electron integrals computed using PRISM.
 Entering OneElI...
 Calculate overlap and kinetic energy integrals
    NBasis =  60  MinDer = 0  MaxDer = 0
 Requested accuracy = 0.1000D-12
 PrmmSu-InSpLW:  IPartL=    0 NPrtUS=    1 NPrtUL=    1 DoSpLW=F IThBeg=    0 IThEnd=    0 NThAct=    1.
 PrSmSu:  IncTry=   512 NBBP=            136 NTPThr=   100 NPartT=    1 Incr=           1 LDynOK=F GPUOK=F.
 PrsmSu:  NPrtUS=   1 ThrOK=F IAlg=2 LenDen=           0 ISkipM=0 DoSpLW=F IThBeg=    0 IThEnd=    0.
 Prism:   IPart=     0 DynPar=F LinDyn=F Incr=           1.
 PRISM was handed   671062986 working-precision words and   136 shell-pairs
 IPart=  0 NShTot=         136 NBatch=          14 AvBLen=         9.7
 PrSmSu:  NxtVal=              2.
 *** Overlap *** 
                1             2             3             4             5 
      1  0.100000D+01
      2  0.145258D+00  0.100000D+01
      3  0.000000D+00  0.000000D+00  0.100000D+01
      4  0.000000D+00  0.000000D+00  0.000000D+00  0.100000D+01
      5  0.000000D+00  0.000000D+00  0.000000D+00  0.000000D+00  0.100000D+01
      6  0.185742D+00  0.905515D+00  0.000000D+00  0.000000D+00  0.000000D+00
      7  0.000000D+00  0.000000D+00  0.802063D+00  0.000000D+00  0.000000D+00
      8  0.000000D+00  0.000000D+00  0.000000D+00  0.802063D+00  0.000000D+00
      9  0.000000D+00  0.000000D+00  0.000000D+00  0.000000D+00  0.802063D+00
     10  0.996256D-01  0.724294D+00  0.000000D+00  0.000000D+00  0.000000D+00
     11  0.996256D-01  0.724294D+00  0.000000D+00  0.000000D+00  0.000000D+00
     12  0.996256D-01  0.724294D+00  0.000000D+00  0.000000D+00  0.000000D+00
     13  0.000000D+00  0.000000D+00  0.000000D+00  0.000000D+00  0.000000D+00
     14  0.000000D+00  0.000000D+00  0.000000D+00  0.000000D+00  0.000000D+00
     15  0.000000D+00  0.000000D+00  0.000000D+00  0.000000D+00  0.000000D+00
     16  0.000000D+00  0.856766D-03 -0.321733D-03 -0.321389D-03  0.304841D-02
     17  0.000000D+00  0.606939D-02 -0.216316D-02 -0.216084D-02  0.204959D-01
     18  0.000000D+00  0.447046D-03  0.163706D-02 -0.160149D-03  0.151904D-02
     19  0.000000D+00  0.446569D-03 -0.160149D-03  0.163740D-02  0.151741D-02
     20  0.000000D+00 -0.423576D-02  0.151904D-02  0.151741D-02 -0.125955D-01
     21  0.120687D-05  0.212957D-01 -0.660074D-02 -0.659369D-02  0.625419D-01
     22  0.000000D+00  0.355535D-02  0.131944D-01 -0.110101D-02  0.104432D-01
     23  0.000000D+00  0.355155D-02 -0.110101D-02  0.131968D-01  0.104320D-01
     24 -0.679510D-05 -0.336868D-01  0.104432D-01  0.104320D-01 -0.846526D-01
     25  0.000000D+00  0.976883D-02 -0.270444D-02 -0.336004D-02  0.318704D-01
     26  0.000000D+00  0.976866D-02 -0.336357D-02 -0.270149D-02  0.318698D-01
     27  0.000000D+00  0.170463D-01 -0.586946D-02 -0.586319D-02  0.493673D-01
     28  0.000000D+00  0.141836D-03  0.521426D-03  0.522089D-03  0.462737D-03
     29  0.000000D+00 -0.134533D-02 -0.494579D-02  0.462737D-03 -0.381824D-02
     30  0.000000D+00 -0.134390D-02  0.462737D-03 -0.494678D-02 -0.381416D-02
     31  0.999305D+00  0.145305D+00  0.499695D-02  0.499502D-02  0.369789D-03
     32  0.145305D+00  0.999972D+00  0.382334D-02  0.382186D-02  0.282938D-03
     33 -0.499695D-02 -0.382334D-02  0.999944D+00 -0.278163D-04 -0.205928D-05
     34 -0.499502D-02 -0.382186D-02 -0.278163D-04  0.999944D+00 -0.205849D-05
     35 -0.369789D-03 -0.282938D-03 -0.205928D-05 -0.205849D-05  0.999972D+00
     36  0.185739D+00  0.905503D+00  0.257794D-02  0.257694D-02  0.190775D-03
     37 -0.114998D-02 -0.389627D-02  0.802040D+00 -0.114907D-04  0.000000D+00
     38 -0.114953D-02 -0.389476D-02 -0.114907D-04  0.802040D+00  0.000000D+00
     39 -0.851016D-04 -0.288335D-03  0.000000D+00  0.000000D+00  0.802052D+00
     40  0.996673D-01  0.724270D+00 -0.137262D-03  0.477170D-02  0.353256D-03
     41  0.996672D-01  0.724270D+00  0.477355D-02 -0.137209D-03  0.353256D-03
     42  0.996167D-01  0.724273D+00  0.477343D-02  0.477159D-02 -0.101663D-04
     43  0.880777D-04 -0.564345D-05 -0.425104D-02 -0.425269D-02  0.000000D+00
     44  0.652053D-05  0.000000D+00 -0.314711D-03  0.000000D+00 -0.425289D-02
     45  0.651801D-05  0.000000D+00  0.000000D+00 -0.314711D-03 -0.425124D-02
     46  0.000000D+00  0.844160D-03 -0.313270D-03 -0.312930D-03  0.300965D-02
     47  0.000000D+00  0.598460D-02 -0.210785D-02 -0.210557D-02  0.202505D-01
     48  0.000000D+00  0.435578D-03  0.161775D-02 -0.154203D-03  0.148306D-02
     49  0.000000D+00  0.435106D-03 -0.154203D-03  0.161808D-02  0.148146D-02
     50  0.000000D+00 -0.418468D-02  0.148306D-02  0.148146D-02 -0.124760D-01
     51  0.115546D-05  0.210368D-01 -0.644378D-02 -0.643679D-02  0.619066D-01
     52  0.000000D+00  0.347081D-02  0.130594D-01 -0.106216D-02  0.102155D-01
     53  0.000000D+00  0.346705D-02 -0.106216D-02  0.130617D-01  0.102044D-01
     54 -0.651829D-05 -0.333448D-01  0.102155D-01  0.102044D-01 -0.840194D-01
     55  0.000000D+00  0.963507D-02 -0.263591D-02 -0.327500D-02  0.314977D-01
     56  0.000000D+00  0.963490D-02 -0.327849D-02 -0.263300D-02  0.314971D-01
     57  0.000000D+00  0.168457D-01 -0.573214D-02 -0.572593D-02  0.488958D-01
     58  0.000000D+00  0.136647D-03  0.509443D-03  0.510096D-03  0.446710D-03
     59  0.000000D+00 -0.131422D-02 -0.489962D-02  0.446710D-03 -0.373974D-02
     60  0.000000D+00 -0.131279D-02  0.446710D-03 -0.490059D-02 -0.373569D-02
                6             7             8             9            10 
      6  0.100000D+01
      7  0.000000D+00  0.100000D+01
      8  0.000000D+00  0.000000D+00  0.100000D+01
      9  0.000000D+00  0.000000D+00  0.000000D+00  0.100000D+01
     10  0.596478D+00  0.000000D+00  0.000000D+00  0.000000D+00  0.100000D+01
     11  0.596478D+00  0.000000D+00  0.000000D+00  0.000000D+00  0.333333D+00
     12  0.596478D+00  0.000000D+00  0.000000D+00  0.000000D+00  0.333333D+00
     13  0.000000D+00  0.000000D+00  0.000000D+00  0.000000D+00  0.000000D+00
     14  0.000000D+00  0.000000D+00  0.000000D+00  0.000000D+00  0.000000D+00
     15  0.000000D+00  0.000000D+00  0.000000D+00  0.000000D+00  0.000000D+00
     16  0.451939D-02 -0.131789D-02 -0.131648D-02  0.124870D-01  0.000000D+00
     17  0.281183D-01 -0.800242D-02 -0.799386D-02  0.758228D-01  0.161318D-04
     18  0.984980D-03  0.645135D-02 -0.280897D-03  0.266434D-02 -0.119164D-04
     19  0.983927D-03 -0.280897D-03  0.645195D-02  0.266150D-02  0.253983D-05
     20 -0.933267D-02  0.266434D-02  0.266150D-02 -0.185121D-01 -0.240906D-04
     21  0.733323D-01 -0.194993D-01 -0.194785D-01  0.184756D+00  0.446825D-03
     22  0.617885D-02  0.405907D-01 -0.164122D-02  0.155672D-01 -0.267922D-03
     23  0.617224D-02 -0.164122D-02  0.405943D-01  0.155505D-01  0.147686D-03
     24 -0.585445D-01  0.155672D-01  0.155505D-01 -0.105265D+00 -0.140082D-02
     25  0.436760D-01 -0.111324D-01 -0.122169D-01  0.115879D+00  0.753802D-04
     26  0.436758D-01 -0.122299D-01 -0.111205D-01  0.115878D+00  0.451112D-04
     27  0.508032D-01 -0.142257D-01 -0.142105D-01  0.124389D+00  0.227153D-03
     28  0.138907D-03  0.910561D-03  0.911618D-03  0.368539D-03 -0.125619D-04
     29 -0.131755D-02 -0.863678D-02  0.368539D-03 -0.254516D-02  0.119151D-03
     30 -0.131614D-02  0.368539D-03 -0.863757D-02 -0.254244D-02 -0.336157D-04
     31  0.185739D+00  0.114998D-02  0.114953D-02  0.851016D-04  0.996673D-01
     32  0.905503D+00  0.389627D-02  0.389476D-02  0.288335D-03  0.724270D+00
     33 -0.257794D-02  0.802040D+00 -0.114907D-04  0.000000D+00  0.137262D-03
     34 -0.257694D-02 -0.114907D-04  0.802040D+00  0.000000D+00 -0.477170D-02
     35 -0.190775D-03  0.000000D+00  0.000000D+00  0.802052D+00 -0.353256D-03
     36  0.999990D+00  0.321415D-02  0.321290D-02  0.237856D-03  0.596469D+00
     37 -0.321415D-02  0.999979D+00 -0.103268D-04  0.000000D+00 -0.208120D-02
     38 -0.321290D-02 -0.103268D-04  0.999979D+00  0.000000D+00 -0.324869D-02
     39 -0.237856D-03  0.000000D+00  0.000000D+00  0.999990D+00 -0.240505D-03
     40  0.596469D+00  0.208120D-02  0.324869D-02  0.240505D-03  0.999904D+00
     41  0.596469D+00  0.324995D-02  0.208040D-02  0.240505D-03  0.333352D+00
     42  0.596468D+00  0.324994D-02  0.324868D-02  0.154014D-03  0.333333D+00
     43  0.325200D-05 -0.101175D-02 -0.101214D-02  0.000000D+00 -0.331549D-04
     44  0.000000D+00 -0.749014D-04  0.000000D+00 -0.101216D-02 -0.245451D-05
     45  0.000000D+00  0.000000D+00 -0.749014D-04 -0.101177D-02  0.245384D-05
     46  0.448889D-02 -0.129360D-02 -0.129219D-02  0.124278D-01  0.000000D+00
     47  0.279331D-01 -0.785620D-02 -0.784769D-02  0.754760D-01  0.154008D-04
     48  0.966963D-03  0.641526D-02 -0.272511D-03  0.262091D-02 -0.114268D-04
     49  0.965915D-03 -0.272511D-03  0.641585D-02  0.261807D-02  0.239476D-05
     50 -0.928980D-02  0.262091D-02  0.261807D-02 -0.184915D-01 -0.230319D-04
     51  0.728810D-01 -0.191513D-01 -0.191306D-01  0.183991D+00  0.433931D-03
     52  0.606858D-02  0.403791D-01 -0.159295D-02  0.153203D-01 -0.259145D-03
     53  0.606201D-02 -0.159295D-02  0.403826D-01  0.153037D-01  0.141735D-03
     54 -0.583021D-01  0.153203D-01  0.153037D-01 -0.105212D+00 -0.136316D-02
     55  0.433911D-01 -0.109297D-01 -0.119942D-01  0.115356D+00  0.730697D-04
     56  0.433909D-01 -0.120072D-01 -0.109178D-01  0.115355D+00  0.432794D-04
     57  0.505030D-01 -0.139753D-01 -0.139601D-01  0.123911D+00  0.218878D-03
     58  0.134777D-03  0.894898D-03  0.895950D-03  0.358306D-03 -0.119366D-04
     59 -0.129623D-02 -0.860679D-02  0.358306D-03 -0.251285D-02  0.114802D-03
     60 -0.129483D-02  0.358306D-03 -0.860756D-02 -0.251012D-02 -0.319694D-04
               11            12            13            14            15 
     11  0.100000D+01
     12  0.333333D+00  0.100000D+01
     13  0.000000D+00  0.000000D+00  0.100000D+01
     14  0.000000D+00  0.000000D+00  0.000000D+00  0.100000D+01
     15  0.000000D+00  0.000000D+00  0.000000D+00  0.000000D+00  0.100000D+01
     16  0.000000D+00  0.595899D-04  0.114737D-05 -0.108829D-04 -0.108713D-04
     17  0.161119D-04  0.840940D-03  0.160752D-04 -0.152475D-03 -0.152312D-03
     18  0.253933D-05  0.136241D-03 -0.990268D-05  0.939282D-04 -0.246892D-04
     19 -0.119069D-04  0.136095D-03 -0.991885D-05 -0.246892D-04  0.939810D-04
     20 -0.240602D-04 -0.115388D-02 -0.246892D-04  0.221659D-03  0.221422D-03
     21  0.446620D-03  0.896745D-02  0.166064D-03 -0.157514D-02 -0.157345D-02
     22  0.147776D-03  0.296713D-02 -0.304733D-03  0.289043D-02 -0.520621D-03
     23 -0.267704D-03  0.296396D-02 -0.305176D-03 -0.520621D-03  0.289154D-02
     24 -0.140018D-02 -0.241741D-01 -0.520621D-03  0.457809D-02  0.457320D-02
     25  0.450739D-04  0.177699D-02  0.176438D-04 -0.167354D-03 -0.319814D-03
     26  0.753739D-04  0.177681D-02  0.176405D-04 -0.320125D-03 -0.167144D-03
     27  0.226943D-03  0.732407D-02  0.169946D-03 -0.145915D-02 -0.145760D-02
     28 -0.125651D-04  0.139740D-03  0.480812D-04  0.107013D-03  0.107181D-03
     29 -0.336206D-04 -0.117265D-02  0.107013D-03 -0.955665D-03  0.224598D-03
     30  0.119055D-03 -0.117140D-02  0.107181D-03  0.224598D-03 -0.956145D-03
     31  0.996672D-01  0.996167D-01  0.880777D-04  0.652053D-05  0.651801D-05
     32  0.724270D+00  0.724273D+00 -0.564345D-05  0.000000D+00  0.000000D+00
     33 -0.477355D-02 -0.477343D-02  0.425104D-02  0.314711D-03  0.000000D+00
     34  0.137209D-03 -0.477159D-02  0.425269D-02  0.000000D+00  0.314711D-03
     35 -0.353256D-03  0.101663D-04  0.000000D+00  0.425289D-02  0.425124D-02
     36  0.596469D+00  0.596468D+00  0.325200D-05  0.000000D+00  0.000000D+00
     37 -0.324995D-02 -0.324994D-02  0.101175D-02  0.749014D-04  0.000000D+00
     38 -0.208040D-02 -0.324868D-02  0.101214D-02  0.000000D+00  0.749014D-04
     39 -0.240505D-03 -0.154014D-03  0.000000D+00  0.101216D-02  0.101177D-02
     40  0.333352D+00  0.333333D+00 -0.331549D-04 -0.245451D-05  0.245384D-05
     41  0.999904D+00  0.333333D+00 -0.331549D-04  0.245479D-05 -0.245356D-05
     42  0.333333D+00  0.999942D+00  0.331568D-04 -0.245465D-05 -0.245370D-05
     43 -0.331549D-04  0.331568D-04  0.999828D+00 -0.424969D-05 -0.425133D-05
     44  0.245479D-05 -0.245465D-05 -0.424969D-05  0.999885D+00 -0.574293D-04
     45 -0.245356D-05 -0.245370D-05 -0.425133D-05 -0.574293D-04  0.999885D+00
     46  0.000000D+00  0.576547D-04  0.107975D-05 -0.103847D-04 -0.103734D-04
     47  0.153818D-04  0.817101D-03  0.151929D-04 -0.146119D-03 -0.145961D-03
     48  0.239431D-05  0.130782D-03 -0.952612D-05  0.916186D-04 -0.233742D-04
     49 -0.114175D-04  0.130640D-03 -0.954174D-05 -0.233742D-04  0.916693D-04
     50 -0.230026D-04 -0.112364D-02 -0.233742D-04  0.212832D-03  0.212602D-03
     51  0.433733D-03  0.878678D-02  0.158293D-03 -0.152240D-02 -0.152075D-02
     52  0.141824D-03  0.287315D-02 -0.295170D-03  0.283883D-02 -0.497264D-03
     53 -0.258929D-03  0.287004D-02 -0.295602D-03 -0.497264D-03  0.283991D-02
     54 -0.136253D-02 -0.237501D-01 -0.497264D-03  0.443519D-02  0.443039D-02
     55  0.432436D-04  0.172913D-02  0.166839D-04 -0.160459D-03 -0.306932D-03
     56  0.730638D-04  0.172896D-02  0.166808D-04 -0.307236D-03 -0.160256D-03
     57  0.218675D-03  0.716278D-02  0.161557D-03 -0.140698D-02 -0.140546D-02
     58 -0.119397D-04  0.132936D-03  0.471641D-04  0.103377D-03  0.103541D-03
     59 -0.319745D-04 -0.113172D-02  0.103377D-03 -0.936330D-03  0.213728D-03
     60  0.114707D-03 -0.113050D-02  0.103541D-03  0.213728D-03 -0.936794D-03
               16            17            18            19            20 
     16  0.100000D+01
     17  0.244308D+00  0.100000D+01
     18  0.000000D+00  0.000000D+00  0.100000D+01
     19  0.000000D+00  0.000000D+00  0.000000D+00  0.100000D+01
     20  0.000000D+00  0.000000D+00  0.000000D+00  0.000000D+00  0.100000D+01
     21  0.171633D+00  0.763511D+00  0.000000D+00  0.000000D+00  0.000000D+00
     22  0.000000D+00  0.000000D+00  0.499517D+00  0.000000D+00  0.000000D+00
     23  0.000000D+00  0.000000D+00  0.000000D+00  0.499517D+00  0.000000D+00
     24  0.000000D+00  0.000000D+00  0.000000D+00  0.000000D+00  0.499517D+00
     25  0.231022D-01  0.447427D+00  0.000000D+00  0.000000D+00  0.000000D+00
     26  0.231022D-01  0.447427D+00  0.000000D+00  0.000000D+00  0.000000D+00
     27  0.231022D-01  0.447427D+00  0.000000D+00  0.000000D+00  0.000000D+00
     28  0.000000D+00  0.000000D+00  0.000000D+00  0.000000D+00  0.000000D+00
     29  0.000000D+00  0.000000D+00  0.000000D+00  0.000000D+00  0.000000D+00
     30  0.000000D+00  0.000000D+00  0.000000D+00  0.000000D+00  0.000000D+00
     31  0.000000D+00  0.000000D+00  0.000000D+00  0.000000D+00  0.000000D+00
     32  0.854449D-03  0.605381D-02  0.455688D-03  0.455208D-03 -0.422410D-02
     33 -0.327912D-03 -0.220501D-02  0.162573D-02 -0.166834D-03  0.154813D-02
     34 -0.327566D-03 -0.220268D-02 -0.166834D-03  0.162608D-02  0.154650D-02
     35  0.303965D-02  0.204398D-01  0.154813D-02  0.154650D-02 -0.125580D-01
     36  0.451380D-02  0.280844D-01  0.100540D-02  0.100434D-02 -0.931978D-02
     37 -0.134518D-02 -0.816836D-02  0.643106D-02 -0.293024D-03  0.271912D-02
     38 -0.134376D-02 -0.815975D-02 -0.293024D-03  0.643168D-02  0.271625D-02
     39  0.124694D-01  0.757183D-01  0.271912D-02  0.271625D-02 -0.184810D-01
     40  0.000000D+00  0.164457D-04 -0.120369D-04  0.264795D-05 -0.245716D-04
     41  0.000000D+00  0.164253D-04  0.264738D-05 -0.120276D-04 -0.245404D-04
     42  0.591676D-04  0.835637D-03  0.138348D-03  0.138202D-03 -0.114630D-02
     43  0.119027D-05  0.166893D-04 -0.994189D-05 -0.995821D-05 -0.256266D-04
     44 -0.110451D-04 -0.154869D-03  0.922557D-04 -0.256266D-04  0.225082D-03
     45 -0.110335D-04 -0.154705D-03 -0.256266D-04  0.923097D-04  0.224845D-03
     46  0.995208D+00  0.244665D+00  0.160747D-01  0.160780D-01  0.262341D-01
     47  0.244665D+00  0.999711D+00  0.716697D-02  0.716841D-02  0.116966D-01
     48 -0.160747D-01 -0.716697D-02  0.999373D+00 -0.188094D-03 -0.306909D-03
     49 -0.160780D-01 -0.716841D-02 -0.188094D-03  0.999373D+00 -0.306971D-03
     50 -0.262341D-01 -0.116966D-01 -0.306909D-03 -0.306971D-03  0.999060D+00
     51  0.171610D+00  0.763429D+00  0.271253D-02  0.271308D-02  0.442688D-02
     52 -0.180395D-02 -0.643645D-02  0.499438D+00 -0.238258D-04 -0.388761D-04
     53 -0.180431D-02 -0.643775D-02 -0.238258D-04  0.499438D+00 -0.388840D-04
     54 -0.294406D-02 -0.105044D-01 -0.388761D-04 -0.388840D-04  0.499398D+00
     55  0.231349D-01  0.447393D+00 -0.768098D-02  0.251668D-02  0.410641D-02
     56  0.231349D-01  0.447393D+00  0.251617D-02 -0.768253D-02  0.410641D-02
     57  0.232001D-01  0.447478D+00  0.251693D-02  0.251744D-02 -0.125342D-01
     58  0.678973D-04  0.884585D-04 -0.883198D-02 -0.883020D-02  0.129539D-05
     59  0.110787D-03  0.144336D-03 -0.144110D-01  0.129539D-05 -0.882888D-02
     60  0.110809D-03  0.144365D-03  0.129539D-05 -0.144110D-01 -0.883066D-02
               21            22            23            24            25 
     21  0.100000D+01
     22  0.000000D+00  0.100000D+01
     23  0.000000D+00  0.000000D+00  0.100000D+01
     24  0.000000D+00  0.000000D+00  0.000000D+00  0.100000D+01
     25  0.708857D+00  0.000000D+00  0.000000D+00  0.000000D+00  0.100000D+01
     26  0.708857D+00  0.000000D+00  0.000000D+00  0.000000D+00  0.333333D+00
     27  0.708857D+00  0.000000D+00  0.000000D+00  0.000000D+00  0.333333D+00
     28  0.000000D+00  0.000000D+00  0.000000D+00  0.000000D+00  0.000000D+00
     29  0.000000D+00  0.000000D+00  0.000000D+00  0.000000D+00  0.000000D+00
     30  0.000000D+00  0.000000D+00  0.000000D+00  0.000000D+00  0.000000D+00
     31  0.119731D-05  0.000000D+00  0.000000D+00 -0.674002D-05  0.000000D+00
     32  0.212481D-01  0.362535D-02  0.362153D-02 -0.336059D-01  0.974824D-02
     33 -0.673070D-02  0.131161D-01 -0.114737D-02  0.106470D-01 -0.275829D-02
     34 -0.672360D-02 -0.114737D-02  0.131185D-01  0.106358D-01 -0.342667D-02
     35  0.623916D-01  0.106470D-01  0.106358D-01 -0.844297D-01  0.317978D-01
     36  0.732497D-01  0.630748D-02  0.630083D-02 -0.584685D-01  0.436277D-01
     37 -0.199052D-01  0.404721D-01 -0.171222D-02  0.158885D-01 -0.113645D-01
     38 -0.198842D-01 -0.171222D-02  0.404757D-01  0.158718D-01 -0.124717D-01
     39  0.184516D+00  0.158885D-01  0.158718D-01 -0.105096D+00  0.115731D+00
     40  0.449095D-03 -0.271163D-03  0.151700D-03 -0.140770D-02  0.750967D-04
     41  0.448885D-03  0.151789D-03 -0.270948D-03 -0.140704D-02  0.457785D-04
     42  0.892489D-02  0.301792D-02  0.301474D-02 -0.240540D-01  0.177017D-02
     43  0.172677D-03 -0.307573D-03 -0.308020D-03 -0.541260D-03  0.183972D-04
     44 -0.160235D-02  0.285412D-02 -0.541260D-03  0.465627D-02 -0.170717D-03
     45 -0.160067D-02 -0.541260D-03  0.285526D-02  0.465136D-02 -0.325646D-03
     46  0.171610D+00  0.180395D-02  0.180431D-02  0.294406D-02  0.231349D-01
     47  0.763429D+00  0.643645D-02  0.643775D-02  0.105044D-01  0.447393D+00
     48 -0.271253D-02  0.499438D+00 -0.238258D-04 -0.388761D-04  0.768098D-02
     49 -0.271308D-02 -0.238258D-04  0.499438D+00 -0.388840D-04 -0.251668D-02
     50 -0.442688D-02 -0.388761D-04 -0.388840D-04  0.499398D+00 -0.410641D-02
     51  0.999931D+00  0.543055D-02  0.543164D-02  0.886270D-02  0.708802D+00
     52 -0.543055D-02  0.999902D+00 -0.294988D-04 -0.481326D-04 -0.556470D-03
     53 -0.543164D-02 -0.294988D-04  0.999902D+00 -0.481423D-04 -0.531913D-02
     54 -0.886270D-02 -0.481326D-04 -0.481423D-04  0.999853D+00 -0.867912D-02
     55  0.708802D+00  0.556470D-03  0.531913D-02  0.867912D-02  0.999802D+00
     56  0.708802D+00  0.531806D-02  0.556583D-03  0.867912D-02  0.333326D+00
     57  0.708824D+00  0.531822D-02  0.531929D-02  0.908428D-03  0.333363D+00
     58  0.223998D-04 -0.412432D-02 -0.412349D-02  0.000000D+00 -0.380366D-04
     59  0.365492D-04 -0.672957D-02  0.000000D+00 -0.412321D-02 -0.620635D-04
     60  0.365566D-04  0.000000D+00 -0.672957D-02 -0.412404D-02  0.620843D-04
               26            27            28            29            30 
     26  0.100000D+01
     27  0.333333D+00  0.100000D+01
     28  0.000000D+00  0.000000D+00  0.100000D+01
     29  0.000000D+00  0.000000D+00  0.000000D+00  0.100000D+01
     30  0.000000D+00  0.000000D+00  0.000000D+00  0.000000D+00  0.100000D+01
     31  0.000000D+00  0.000000D+00  0.000000D+00  0.000000D+00  0.000000D+00
     32  0.974806D-02  0.170016D-01  0.147772D-03 -0.137125D-02 -0.136980D-02
     33 -0.343022D-02 -0.598265D-02  0.529357D-03 -0.491216D-02  0.482018D-03
     34 -0.275531D-02 -0.597635D-02  0.530025D-03  0.482018D-03 -0.491318D-02
     35  0.317972D-01  0.492282D-01  0.482018D-03 -0.389091D-02 -0.388681D-02
     36  0.436275D-01  0.507404D-01  0.144907D-03 -0.134466D-02 -0.134325D-02
     37 -0.124848D-01 -0.145202D-01  0.927711D-03 -0.860868D-02  0.384393D-03
     38 -0.113525D-01 -0.145049D-01  0.928777D-03  0.384393D-03 -0.860949D-02
     39  0.115730D+00  0.124214D+00  0.384393D-03 -0.259677D-02 -0.259403D-02
     40  0.458167D-04  0.230177D-03 -0.129771D-04  0.120420D-03 -0.348159D-04
     41  0.750901D-04  0.229962D-03 -0.129806D-04 -0.348201D-04  0.120326D-03
     42  0.176999D-02  0.727883D-02  0.145097D-03 -0.119115D-02 -0.118990D-02
     43  0.183937D-04  0.176471D-03  0.468232D-04  0.107608D-03  0.107778D-03
     44 -0.325957D-03 -0.148229D-02  0.107608D-03 -0.940128D-03  0.233202D-03
     45 -0.170504D-03 -0.148073D-02  0.107778D-03  0.233202D-03 -0.940620D-03
     46  0.231349D-01  0.232001D-01  0.678973D-04  0.110787D-03  0.110809D-03
     47  0.447393D+00  0.447478D+00  0.884585D-04  0.144336D-03  0.144365D-03
     48 -0.251617D-02 -0.251693D-02  0.883198D-02  0.144110D-01 -0.129539D-05
     49  0.768253D-02 -0.251744D-02  0.883020D-02 -0.129539D-05  0.144110D-01
     50 -0.410641D-02  0.125342D-01 -0.129539D-05  0.882888D-02  0.883066D-02
     51  0.708802D+00  0.708824D+00  0.223998D-04  0.365492D-04  0.365566D-04
     52 -0.531806D-02 -0.531822D-02  0.412432D-02  0.672957D-02  0.000000D+00
     53 -0.556583D-03 -0.531929D-02  0.412349D-02  0.000000D+00  0.672957D-02
     54 -0.867912D-02 -0.908428D-03  0.000000D+00  0.412321D-02  0.412404D-02
     55  0.333326D+00  0.333363D+00 -0.380366D-04 -0.620635D-04  0.620843D-04
     56  0.999802D+00  0.333363D+00 -0.380366D-04  0.620717D-04 -0.620761D-04
     57  0.333363D+00  0.999729D+00  0.380458D-04 -0.620567D-04 -0.620693D-04
     58 -0.380366D-04  0.380458D-04  0.999715D+00 -0.107519D-03 -0.107497D-03
     59  0.620717D-04 -0.620567D-04 -0.107519D-03  0.999605D+00 -0.658741D-04
     60 -0.620761D-04 -0.620693D-04 -0.107497D-03 -0.658741D-04  0.999605D+00
               31            32            33            34            35 
     31  0.100000D+01
     32  0.145258D+00  0.100000D+01
     33  0.000000D+00  0.000000D+00  0.100000D+01
     34  0.000000D+00  0.000000D+00  0.000000D+00  0.100000D+01
     35  0.000000D+00  0.000000D+00  0.000000D+00  0.000000D+00  0.100000D+01
     36  0.185742D+00  0.905515D+00  0.000000D+00  0.000000D+00  0.000000D+00
     37  0.000000D+00  0.000000D+00  0.802063D+00  0.000000D+00  0.000000D+00
     38  0.000000D+00  0.000000D+00  0.000000D+00  0.802063D+00  0.000000D+00
     39  0.000000D+00  0.000000D+00  0.000000D+00  0.000000D+00  0.802063D+00
     40  0.996256D-01  0.724294D+00  0.000000D+00  0.000000D+00  0.000000D+00
     41  0.996256D-01  0.724294D+00  0.000000D+00  0.000000D+00  0.000000D+00
     42  0.996256D-01  0.724294D+00  0.000000D+00  0.000000D+00  0.000000D+00
     43  0.000000D+00  0.000000D+00  0.000000D+00  0.000000D+00  0.000000D+00
     44  0.000000D+00  0.000000D+00  0.000000D+00  0.000000D+00  0.000000D+00
     45  0.000000D+00  0.000000D+00  0.000000D+00  0.000000D+00  0.000000D+00
     46  0.000000D+00  0.841921D-03 -0.319385D-03 -0.319044D-03  0.300115D-02
     47  0.000000D+00  0.596954D-02 -0.214929D-02 -0.214699D-02  0.201961D-01
     48  0.000000D+00  0.444133D-03  0.160673D-02 -0.160729D-03  0.151193D-02
     49  0.000000D+00  0.443659D-03 -0.160729D-03  0.160707D-02  0.151032D-02
     50  0.000000D+00 -0.417337D-02  0.151193D-02  0.151032D-02 -0.124395D-01
     51  0.114648D-05  0.209907D-01 -0.657260D-02 -0.656558D-02  0.617604D-01
     52  0.000000D+00  0.354021D-02  0.129831D-01 -0.110750D-02  0.104179D-01
     53  0.000000D+00  0.353642D-02 -0.110750D-02  0.129855D-01  0.104068D-01
     54 -0.646644D-05 -0.332661D-01  0.104179D-01  0.104068D-01 -0.838019D-01
     55  0.000000D+00  0.961517D-02 -0.268919D-02 -0.334094D-02  0.314272D-01
     56  0.000000D+00  0.961500D-02 -0.334446D-02 -0.268625D-02  0.314267D-01
     57  0.000000D+00  0.168022D-01 -0.584445D-02 -0.583821D-02  0.487604D-01
     58  0.000000D+00  0.142445D-03  0.517378D-03  0.518037D-03  0.465585D-03
     59  0.000000D+00 -0.133994D-02 -0.486682D-02  0.465585D-03 -0.381208D-02
     60  0.000000D+00 -0.133851D-02  0.465585D-03 -0.486781D-02 -0.380801D-02
               36            37            38            39            40 
     36  0.100000D+01
     37  0.000000D+00  0.100000D+01
